-7.837621770568e-04
-5.337823433581e-04
-4.222848094971e-04
-3.557160685635e-04
-3.103419318823e-04
-2.770075544775e-04
-2.511303335566e-04
-2.303242812592e-04
-2.131362109610e-04
-1.986335574230e-04
-1.861884539236e-04
-1.753605465880e-04
-1.658304718927e-04
-1.573606204079e-04
-1.497696422093e-04
-1.429166875006e-04
-1.366909072408e-04
-1.310029725300e-04
-1.257804816811e-04
-1.209637952135e-04
-1.165035528852e-04
-1.123580900972e-04
-1.084925169143e-04
-1.048769920764e-04
-1.014858111114e-04
-9.829687998274e-05
-9.529107716768e-05
-9.245161660863e-05
-8.976378458921e-05
-8.721461383313e-05
-8.479267069128e-05
-8.248776350234e-05
-8.029079187578e-05
-7.819361775678e-05
-7.618893227998e-05
-7.427014367322e-05
-7.243129223400e-05
-7.066697719595e-05
-6.897228476960e-05
-6.734273633963e-05
-6.577424386427e-05
-6.426306861995e-05
-6.280578063899e-05
-6.139922513287e-05
-6.004049855923e-05
-5.872692365179e-05
-5.745602482618e-05
-5.622550983770e-05
-5.503325218968e-05
-5.387728331966e-05
-5.275577315650e-05
-5.166699509107e-05
-5.060934474527e-05
-4.958134126663e-05
-4.858158142353e-05
-4.760875782910e-05
-4.666164477738e-05
-4.573908538423e-05
-4.483999892476e-05
-4.396337377468e-05
-4.310825519514e-05
-4.227374022986e-05
-4.145897598103e-05
-4.066315689352e-05
-3.988552217000e-05
-3.912535178405e-05
-3.838196408453e-05
-3.765471233622e-05
-3.694298339727e-05
-3.624619418664e-05
-3.556379119236e-05
-3.489524770221e-05
-3.424006261777e-05
-3.359775946698e-05
-3.296788401102e-05
-3.235000318191e-05
-3.174370361726e-05
-3.114859055476e-05
-3.056428667768e-05
-2.999043119873e-05
-2.942667934621e-05
-2.887270113033e-05
-2.832818052096e-05
-2.779281457516e-05
-2.726631279689e-05
-2.674839658471e-05
-2.623879856535e-05
-2.573726197717e-05
-2.524354011362e-05
-2.475739582155e-05
-2.427860102835e-05
-2.380693628853e-05
-2.334219035581e-05
-2.288415977617e-05
-2.243264850975e-05
-2.198746758220e-05
-2.154843475019e-05
-2.111537418036e-05
-2.068811615050e-05
-2.026649677731e-05
-1.985035774685e-05
-1.943954605955e-05
-1.903391379291e-05
-1.863331788610e-05
-1.823761992169e-05
-1.784668592468e-05
-1.746038617277e-05
-1.707859502043e-05
-1.670119072616e-05
-1.632805529417e-05
-1.595907431740e-05
-1.559413683594e-05
-1.523313520188e-05
-1.487596494591e-05
-1.452252465906e-05
-1.417271587302e-05
-1.382644294774e-05
-1.348361297834e-05
-1.314413568320e-05
-1.271001346359e-05
-1.223322683658e-05
-1.181559514618e-05
-1.141958955519e-05
-1.103676337877e-05
-1.066364775837e-05
-1.029829767477e-05
-9.939454235269e-06
-9.586252146137e-06
-9.238068885740e-06
-8.894426997595e-06
-8.554953076255e-06
-8.219345459157e-06
-7.887339940014e-06
-7.558746578863e-06
-7.233228789063e-06
-6.910958020644e-06
-6.591380953570e-06
-6.274695191155e-06
-5.960480015403e-06
-5.648804556520e-06
-5.339657738830e-06
-5.032714635090e-06
-4.728196015181e-06
-4.425435710529e-06
-4.125068187394e-06
-3.826583893989e-06
-3.529896585817e-06
-3.235143552319e-06
-2.942485190203e-06
-2.651135831569e-06
-2.361594662357e-06
-2.073705401376e-06
-1.787393556690e-06
-1.502608795220e-06
-1.219306382546e-06
-9.374404364696e-07
-6.569719977806e-07
-3.778575903879e-07
-1.000642989033e-07
1.764508862526e-07
4.517177416826e-07
7.257660059541e-07
9.986377891060e-07
1.270353640155e-06
1.540939850060e-06
1.810438972250e-06
2.078860524907e-06
2.346230299133e-06
2.612588923742e-06
2.877935100613e-06
3.142302098962e-06
3.405718588771e-06
3.668175875983e-06
3.929717752697e-06
4.190363766479e-06
4.450088544646e-06
4.708955887026e-06
4.966971838157e-06
5.224095366781e-06
5.480414000424e-06
5.735908322141e-06
5.990542879369e-06
6.244419073326e-06
6.497469992205e-06
6.749699731873e-06
7.001219078346e-06
7.251898145761e-06
7.501778233654e-06
7.751006850173e-06
7.999358793656e-06
8.246948594367e-06
8.493879589827e-06
8.739970264251e-06
8.985339899137e-06
9.229953158059e-06
9.473815226838e-06
9.716928557234e-06
9.959290793612e-06
1.020090340678e-05
1.044176492178e-05
1.068187185322e-05
1.092122519428e-05
1.115982211387e-05
1.139766011786e-05
1.163473563663e-05
1.187104505063e-05
1.210658598802e-05
1.234135476688e-05
1.257534753568e-05
1.280855889944e-05
1.304098353007e-05
1.327261794562e-05
1.350345730400e-05
1.373349699750e-05
1.396272999763e-05
1.419114972954e-05
1.441875191767e-05
1.464553101048e-05
1.487148219704e-05
1.509659699558e-05
1.532086786337e-05
1.554428992207e-05
1.576685733252e-05
1.598856566738e-05
1.620940510636e-05
1.642936740609e-05
1.664844711475e-05
1.686663854093e-05
1.708393825134e-05
1.730033516490e-05
1.751582058096e-05
1.773038828664e-05
1.794403320135e-05
1.815675351961e-05
1.836853697863e-05
1.857937466102e-05
1.878925911957e-05
1.899818639899e-05
1.920615804969e-05
1.933947318521e-05
1.939107343391e-05
1.949968210206e-05
1.962907956259e-05
1.976928313358e-05
1.991615312527e-05
2.006722161528e-05
2.022069377978e-05
2.037591259354e-05
2.053264349116e-05
2.069062096368e-05
2.084949290441e-05
2.100889331623e-05
2.116850708785e-05
2.132816194561e-05
2.148777784636e-05
2.164726263991e-05
2.180653066204e-05
2.196545612741e-05
2.212392826610e-05
2.228196921564e-05
2.243941272092e-05
2.259648615574e-05
2.275258621934e-05
2.290835098059e-05
2.306359869208e-05
2.321621713313e-05
2.337411031675e-05
2.351658549415e-05
2.368802070962e-05
2.381920077872e-05
2.393338641136e-05
2.413783876954e-05
2.429561685210e-05
2.445754456971e-05
2.454720039985e-05
2.469054542611e-05
2.487451130758e-05
2.501575138136e-05
2.514604710522e-05
2.531390902168e-05
2.543558214389e-05
2.559301774175e-05
2.572608496212e-05
2.585566764717e-05
2.601087139715e-05
2.612368100569e-05
2.628400684436e-05
2.639345651667e-05
2.650765241760e-05
2.663654774913e-05
2.677180683588e-05
2.689569536453e-05
2.703177456487e-05
2.714767589622e-05
2.729773965765e-05
2.740842959129e-05
2.747284460786e-05
2.766490493972e-05
2.779524110722e-05
2.792616450216e-05
2.799874990979e-05
2.817856930133e-05
2.825585887146e-05
2.836696252500e-05
2.846917634236e-05
2.861314178031e-05
2.869483773091e-05
2.885135678717e-05
2.889546439717e-05
2.903820623790e-05
2.912970171768e-05
2.930384690668e-05
2.937605378735e-05
2.948590748001e-05
2.952483479499e-05
2.968444830548e-05
2.978855758341e-05
2.987562248070e-05
2.998393898958e-05
3.007057288085e-05
3.017958937182e-05
3.026872477590e-05
3.036172671772e-05
3.047207309570e-05
3.053775861067e-05
3.066137681407e-05
3.072033882646e-05
3.083488632231e-05
3.091742645259e-05
3.097525380132e-05
3.112289825558e-05
3.117255474391e-05
3.125677004074e-05
3.134166332696e-05
3.142338018193e-05
3.150533685772e-05
3.158562104145e-05
3.166474931504e-05
3.174289558587e-05
3.182012653923e-05
3.189626323622e-05
3.197134142029e-05
3.204540128403e-05
3.211849948061e-05
3.219057018942e-05
3.226157333932e-05
3.233158358879e-05
3.240064839773e-05
3.246875330862e-05
3.253578017724e-05
3.260181887574e-05
3.266694256420e-05
3.273115613240e-05
3.279422095625e-05
3.285615167359e-05
3.291740733782e-05
3.297803219990e-05
3.303754481041e-05
3.309537016385e-05
3.320389384565e-05
3.342432315861e-05
3.358087465637e-05
3.371233029473e-05
3.383049261895e-05
3.394076268958e-05
3.404515197249e-05
3.414429644459e-05
3.423907863413e-05
3.433032516518e-05
3.441865383555e-05
3.450437578347e-05
3.458764999403e-05
3.466861737658e-05
3.474740635490e-05
3.482422864483e-05
3.489921003442e-05
3.497247742218e-05
3.504410101085e-05
3.511415276168e-05
3.518268800374e-05
3.524977002029e-05
3.531544886816e-05
3.537977503402e-05
3.544278802536e-05
3.550452646860e-05
3.556502407690e-05
3.562431227371e-05
3.568241854140e-05
3.573937005228e-05
3.579519257422e-05
3.584990959907e-05
3.590354200630e-05
3.595610962335e-05
3.600763321385e-05
3.605813104513e-05
3.610761931742e-05
3.615611053917e-05
3.620362297375e-05
3.625017371800e-05
3.629577971842e-05
3.634044501130e-05
3.638418214838e-05
3.642700499406e-05
3.646894067122e-05
3.650999083700e-05
3.655015623286e-05
3.658943632319e-05
3.662786922335e-05
3.666547844115e-05
3.670225927532e-05
3.673817615579e-05
3.677324754101e-05
3.680753799072e-05
3.684107190604e-05
3.687380247208e-05
3.690570628867e-05
3.693682640718e-05
3.696719963646e-05
3.699683890110e-05
3.702569875485e-05
3.705379747069e-05
3.708115320343e-05
3.710780494462e-05
3.713372630992e-05
3.715891880919e-05
3.718338331996e-05
3.720715814434e-05
3.723023747983e-05
3.725262337963e-05
3.727430709626e-05
3.729531203917e-05
3.731564863186e-05
3.733532015728e-05
3.735432081201e-05
3.737265954461e-05
3.739034841352e-05
3.740739075418e-05
3.742379144464e-05
3.743955553124e-05
3.745468867979e-05
3.746919595907e-05
3.748308259755e-05
3.749635377307e-05
3.750901448253e-05
3.752106970023e-05
3.753252433614e-05
3.754338330606e-05
3.755365142628e-05
3.756333344907e-05
3.757243408350e-05
3.758095797426e-05
3.758890973432e-05
3.759629396471e-05
3.760311517822e-05
3.760937783508e-05
3.761508635866e-05
3.762024512825e-05
3.762485848793e-05
3.762893072151e-05
3.763246609999e-05
3.763546885617e-05
3.763794316504e-05
3.763989317012e-05
3.764132297459e-05
3.764223664624e-05
3.764263821907e-05
3.764253168238e-05
3.764192101542e-05
3.764081015695e-05
3.763920301310e-05
3.763710344680e-05
3.763451530419e-05
3.763144239022e-05
3.762788847593e-05
3.762385730486e-05
3.761935262648e-05
3.761437814047e-05
3.760893753383e-05
3.760303445054e-05
3.756505176171e-05
3.739293821994e-05
3.727851095925e-05
3.719103405498e-05
3.711660642156e-05
3.704967320794e-05
3.698737360542e-05
3.692877460376e-05
3.687333931444e-05
3.682020377009e-05
3.676872761900e-05
3.671897681768e-05
3.667046470858e-05
3.662291215190e-05
3.657619979866e-05
3.653021183316e-05
3.648480908196e-05
3.643991519922e-05
3.639544349811e-05
3.635133317208e-05
3.630752735149e-05
3.626397560730e-05
3.622063022816e-05
3.617745101012e-05
3.613439990537e-05
3.609144920511e-05
3.604857345595e-05
3.600575372237e-05
3.596296789343e-05
3.592019738465e-05
3.587742327972e-05
3.583462765718e-05
3.579179761609e-05
3.574892018502e-05
3.570598580761e-05
3.566298348854e-05
3.561990443859e-05
3.557673983624e-05
3.553348154953e-05
3.549012312241e-05
3.544665806319e-05
3.540308085217e-05
3.535938623350e-05
3.531556961973e-05
3.527162707709e-05
3.522755494259e-05
3.518334984444e-05
3.513900879705e-05
3.509452905217e-05
3.504990848209e-05
3.500514516960e-05
3.496023729125e-05
3.491518336555e-05
3.486998202673e-05
3.482463232637e-05
3.477913364097e-05
3.473348522092e-05
3.468768660293e-05
3.464173738621e-05
3.459563740339e-05
3.454938698016e-05
3.450298624454e-05
3.445643542488e-05
3.440973483274e-05
3.436288483745e-05
3.431588643621e-05
3.426874047515e-05
3.422144768202e-05
3.417400892607e-05
3.412642493458e-05
3.407869717693e-05
3.403082704665e-05
3.398281568710e-05
3.393466444197e-05
3.388637431691e-05
3.383794692196e-05
3.378938422175e-05
3.374068766594e-05
3.369185901577e-05
3.364289949679e-05
3.359381068709e-05
3.354459498127e-05
3.349525421720e-05
3.344579039191e-05
3.339620496064e-05
3.334649942422e-05
3.329667642825e-05
3.324673814075e-05
3.319668672482e-05
3.314652403532e-05
3.309625131718e-05
3.304587136403e-05
3.299538654480e-05
3.294479920207e-05
3.289411167662e-05
3.284332504702e-05
3.279244172241e-05
3.274146454937e-05
3.269039592418e-05
3.263923867690e-05
3.258799381831e-05
3.253666323417e-05
3.248525009566e-05
3.243375690399e-05
3.238218686794e-05
3.233054106941e-05
3.227882094147e-05
3.222702972431e-05
3.217516987776e-05
3.212324483778e-05
3.207125650379e-05
3.201920534946e-05
3.196709465583e-05
3.191492665557e-05
3.186270498175e-05
3.181043257789e-05
3.175810929142e-05
3.170573753403e-05
3.165331988582e-05
3.160085986430e-05
3.156451777279e-05
3.167049295926e-05
3.173209836790e-05
3.176234107035e-05
3.177757571550e-05
3.178367610516e-05
3.178393450944e-05
3.178021918927e-05
3.177321111112e-05
3.176323061815e-05
3.175069764734e-05
3.173613058861e-05
3.171993884834e-05
3.170233416197e-05
3.168341923702e-05
3.166331379138e-05
3.164216900194e-05
3.162013050410e-05
3.159723884362e-05
3.157358518362e-05
3.154912625668e-05
3.152415344351e-05
3.149862119427e-05
3.147247033502e-05
3.144571715513e-05
3.141842831315e-05
3.139082927099e-05
3.136285227483e-05
3.133450774159e-05
3.130566910611e-05
3.127642827478e-05
3.124702109708e-05
3.121737732670e-05
3.118746747194e-05
3.115696074902e-05
3.112611729068e-05
3.109518735093e-05
3.106446144703e-05
3.103380252408e-05
3.100226255969e-05
3.097004939593e-05
3.093733455250e-05
3.090588045011e-05
3.087510456468e-05
3.084376515416e-05
3.081032060564e-05
3.077475221805e-05
3.074188238475e-05
3.071141449641e-05
3.068354441556e-05
3.064962435684e-05
3.061006671434e-05
3.057080117475e-05
3.054017309500e-05
3.052183244886e-05
3.049260479389e-05
3.045628482685e-05
3.040751051235e-05
3.036990494884e-05
3.034263544244e-05
3.031927444034e-05
3.028685006380e-05
3.024119043963e-05
3.020190070770e-05
3.016938992365e-05
3.014775216277e-05
3.011694954807e-05
3.007508306220e-05
3.003770250370e-05
3.000219268314e-05
2.997431563419e-05
2.994278055699e-05
2.990751294988e-05
2.986718689887e-05
2.983139213380e-05
2.980151284622e-05
2.977168467207e-05
2.973859280437e-05
2.969886206046e-05
2.966241515085e-05
2.962973630712e-05
2.960101705713e-05
2.956884823124e-05
2.953106296381e-05
2.949382317765e-05
2.945964965462e-05
2.942965451171e-05
2.939623954701e-05
2.936156218210e-05
2.932760228922e-05
2.929387486727e-05
2.926046076939e-05
2.922682106543e-05
2.919314951320e-05
2.915960759649e-05
2.912613003179e-05
2.909272573266e-05
2.905924605032e-05
2.902579708999e-05
2.899241242279e-05
2.895915149275e-05
2.892597576178e-05
2.889276186120e-05
2.885956278478e-05
2.882641997908e-05
2.879341369439e-05
2.876054165251e-05
2.872773159066e-05
2.869480604530e-05
2.866192268291e-05
2.862936980192e-05
2.859727090476e-05
2.856535418151e-05
2.853237874553e-05
2.849793818097e-05
2.846185791900e-05
2.842922236100e-05
2.840068562671e-05
2.837957963616e-05
2.833554575580e-05
2.829946231128e-05
2.811844571631e-05
2.796378375697e-05
2.784675710166e-05
2.774590087203e-05
2.765463809045e-05
2.756932081402e-05
2.748815784899e-05
2.741054800443e-05
2.733610198202e-05
2.726427608651e-05
2.719458198717e-05
2.712656062112e-05
2.706000108978e-05
2.699471241392e-05
2.693065016672e-05
2.686773030044e-05
2.680587986539e-05
2.674496393859e-05
2.668489586477e-05
2.662559846622e-05
2.656699804699e-05
2.650905806756e-05
2.645173439668e-05
2.639499647184e-05
2.633880719082e-05
2.628313303038e-05
2.622794568170e-05
2.617321566140e-05
2.611892136781e-05
2.606503998901e-05
2.601155320999e-05
2.595844105718e-05
2.590568655088e-05
2.585327459303e-05
2.580119087389e-05
2.574942276748e-05
2.569795695215e-05
2.564678094224e-05
2.559588186893e-05
2.554524855703e-05
2.549487305826e-05
2.544474707647e-05
2.539486413790e-05
2.534521200506e-05
2.529578023453e-05
2.524656059070e-05
2.519754828263e-05
2.514874551571e-05
2.510014093216e-05
2.505172611313e-05
2.500348445242e-05
2.495540776604e-05
2.490751159766e-05
2.485979420968e-05
2.481225987783e-05
2.476486919720e-05
2.471759351195e-05
2.467045457619e-05
2.462347016151e-05
2.457670293674e-05
2.453007948751e-05
2.448353807143e-05
2.443705118975e-05
2.439061717100e-05
2.434445017529e-05
2.429852280421e-05
2.425276453041e-05
2.420695567643e-05
2.416089593521e-05
2.411503536745e-05
2.406955737579e-05
2.402471438994e-05
2.397987272703e-05
2.393429261333e-05
2.388843632124e-05
2.384259004263e-05
2.379829121824e-05
2.375504263266e-05
2.371100138774e-05
2.366560556601e-05
2.361780848711e-05
2.357218809501e-05
2.353022332585e-05
2.349027085746e-05
2.344840016925e-05
2.339789919339e-05
2.334720679144e-05
2.330128369491e-05
2.326608860524e-05
2.323622482165e-05
2.318931904477e-05
2.313262414543e-05
2.306661175242e-05
2.302423277697e-05
2.301560737354e-05
2.299766995994e-05
2.295314954965e-05
2.284345334229e-05
2.275481037806e-05
2.274564290760e-05
2.278911438941e-05
2.281308091837e-05
2.265643618627e-05
2.256514330556e-05
2.256762465733e-05
2.254771499941e-05
2.249630308988e-05
2.240818715155e-05
2.234990880711e-05
2.235973105154e-05
2.237917042613e-05
2.232523787618e-05
2.217632350278e-05
2.208430944708e-05
2.211783665946e-05
2.217634723134e-05
2.208299717420e-05
2.197306667215e-05
2.195673193509e-05
2.193451519753e-05
