2.991789920342e+00
2.968490240737e+00
2.951044153752e+00
2.939165961463e+00
2.932581528362e+00
2.931028281357e+00
2.934255209777e+00
2.942022865366e+00
2.954103362284e+00
2.970280377112e+00
2.990349148847e+00
3.014116478901e+00
3.041400731107e+00
3.072031831713e+00
3.105851269386e+00
3.142712095210e+00
3.182478922686e+00
3.225027927732e+00
3.270246848685e+00
3.318034986298e+00
3.368303203742e+00
3.420973926605e+00
3.475981142893e+00
3.533270403029e+00
3.592798819854e+00
3.654535068627e+00
3.718459387021e+00
3.784563575131e+00
3.852850995467e+00
3.923336572956e+00
3.996046794944e+00
4.071019711194e+00
4.148304933884e+00
4.227963637614e+00
4.310068559397e+00
4.394703998666e+00
4.481965817272e+00
4.571961439480e+00
4.664809851976e+00
4.760641603862e+00
4.859598806658e+00
4.961835134299e+00
5.067515823141e+00
5.176817671956e+00
5.289929041932e+00
5.407049856676e+00
5.528391602212e+00
5.654177326982e+00
5.784641641845e+00
5.920030720077e+00
6.060602312370e+00
6.206626886753e+00
6.358391078339e+00
6.516198829252e+00
6.680371403617e+00
6.851247387566e+00
7.029182689235e+00
7.214550538766e+00
7.407741488307e+00
7.609163412008e+00
7.819241506027e+00
8.038418288527e+00
8.267153599674e+00
8.505924601640e+00
8.755225778604e+00
9.015568936747e+00
9.287483204257e+00
9.571515031327e+00
9.868228190155e+00
1.017820377494e+01
1.050204020190e+01
1.084035320924e+01
1.119377585717e+01
1.156295852793e+01
1.194856892574e+01
1.235129207684e+01
1.277183032946e+01
1.321090335384e+01
1.366924814224e+01
1.414761900891e+01
1.464678759011e+01
1.516754284409e+01
1.571069105114e+01
1.627705581353e+01
1.686747805552e+01
1.748281602342e+01
1.812394528550e+01
1.879175873207e+01
1.948716657542e+01
2.021109634985e+01
2.096449291168e+01
2.174831843923e+01
2.256355243280e+01
2.341119171473e+01
2.429225042934e+01
2.520776004298e+01
2.615876934398e+01
2.714634444269e+01
2.817156877145e+01
2.923554308463e+01
