0.000000000000e+00
3.600000000000e+03
7.200000000000e+03
1.080000000000e+04
1.440000000000e+04
1.800000000000e+04
2.160000000000e+04
2.520000000000e+04
2.880000000000e+04
3.240000000000e+04
3.600000000000e+04
3.960000000000e+04
4.320000000000e+04
4.680000000000e+04
5.040000000000e+04
5.400000000000e+04
5.760000000000e+04
6.120000000000e+04
6.480000000000e+04
6.840000000000e+04
7.200000000000e+04
7.560000000000e+04
7.920000000000e+04
8.280000000000e+04
8.640000000000e+04
9.000000000000e+04
9.360000000000e+04
9.720000000000e+04
1.008000000000e+05
1.044000000000e+05
1.080000000000e+05
1.116000000000e+05
1.152000000000e+05
1.188000000000e+05
1.224000000000e+05
1.260000000000e+05
1.296000000000e+05
1.332000000000e+05
1.368000000000e+05
1.404000000000e+05
1.440000000000e+05
1.476000000000e+05
1.512000000000e+05
1.548000000000e+05
1.584000000000e+05
1.620000000000e+05
1.656000000000e+05
1.692000000000e+05
1.728000000000e+05
1.764000000000e+05
1.800000000000e+05
1.836000000000e+05
1.872000000000e+05
1.908000000000e+05
1.944000000000e+05
1.980000000000e+05
2.016000000000e+05
2.052000000000e+05
2.088000000000e+05
2.124000000000e+05
2.160000000000e+05
2.196000000000e+05
2.232000000000e+05
2.268000000000e+05
2.304000000000e+05
2.340000000000e+05
2.376000000000e+05
2.412000000000e+05
2.448000000000e+05
2.484000000000e+05
2.520000000000e+05
2.556000000000e+05
2.592000000000e+05
2.628000000000e+05
2.664000000000e+05
2.700000000000e+05
2.736000000000e+05
2.772000000000e+05
2.808000000000e+05
2.844000000000e+05
2.880000000000e+05
2.916000000000e+05
2.952000000000e+05
2.988000000000e+05
3.024000000000e+05
3.060000000000e+05
3.096000000000e+05
3.132000000000e+05
3.168000000000e+05
3.204000000000e+05
3.240000000000e+05
3.276000000000e+05
3.312000000000e+05
3.348000000000e+05
3.384000000000e+05
3.420000000000e+05
3.456000000000e+05
3.492000000000e+05
3.528000000000e+05
3.564000000000e+05
3.600000000000e+05
3.636000000000e+05
3.672000000000e+05
3.708000000000e+05
3.744000000000e+05
3.780000000000e+05
3.816000000000e+05
3.852000000000e+05
3.888000000000e+05
3.924000000000e+05
3.960000000000e+05
3.996000000000e+05
4.032000000000e+05
4.068000000000e+05
4.104000000000e+05
4.140000000000e+05
4.176000000000e+05
4.212000000000e+05
4.248000000000e+05
4.284000000000e+05
4.320000000000e+05
4.356000000000e+05
4.392000000000e+05
4.428000000000e+05
4.464000000000e+05
4.500000000000e+05
4.536000000000e+05
4.572000000000e+05
4.608000000000e+05
4.644000000000e+05
4.680000000000e+05
4.716000000000e+05
4.752000000000e+05
4.788000000000e+05
4.824000000000e+05
4.860000000000e+05
4.896000000000e+05
4.932000000000e+05
4.968000000000e+05
5.004000000000e+05
5.040000000000e+05
5.076000000000e+05
5.112000000000e+05
5.148000000000e+05
5.184000000000e+05
5.220000000000e+05
5.256000000000e+05
5.292000000000e+05
5.328000000000e+05
5.364000000000e+05
5.400000000000e+05
5.436000000000e+05
5.472000000000e+05
5.508000000000e+05
5.544000000000e+05
5.580000000000e+05
5.616000000000e+05
5.652000000000e+05
5.688000000000e+05
5.724000000000e+05
5.760000000000e+05
5.796000000000e+05
5.832000000000e+05
5.868000000000e+05
5.904000000000e+05
5.940000000000e+05
5.976000000000e+05
6.012000000000e+05
6.048000000000e+05
6.084000000000e+05
6.120000000000e+05
6.156000000000e+05
6.192000000000e+05
6.228000000000e+05
6.264000000000e+05
6.300000000000e+05
6.336000000000e+05
6.372000000000e+05
6.408000000000e+05
6.444000000000e+05
6.480000000000e+05
6.516000000000e+05
6.552000000000e+05
6.588000000000e+05
6.624000000000e+05
6.660000000000e+05
6.696000000000e+05
6.732000000000e+05
6.768000000000e+05
6.804000000000e+05
6.840000000000e+05
6.876000000000e+05
6.912000000000e+05
6.948000000000e+05
6.984000000000e+05
7.020000000000e+05
7.056000000000e+05
7.092000000000e+05
7.128000000000e+05
7.164000000000e+05
7.200000000000e+05
7.236000000000e+05
7.272000000000e+05
7.308000000000e+05
7.344000000000e+05
7.380000000000e+05
7.416000000000e+05
7.452000000000e+05
7.488000000000e+05
7.524000000000e+05
7.560000000000e+05
7.596000000000e+05
7.632000000000e+05
7.668000000000e+05
7.704000000000e+05
7.740000000000e+05
7.776000000000e+05
7.812000000000e+05
7.848000000000e+05
7.884000000000e+05
7.920000000000e+05
7.956000000000e+05
7.992000000000e+05
8.028000000000e+05
8.064000000000e+05
8.100000000000e+05
8.136000000000e+05
8.172000000000e+05
8.208000000000e+05
8.244000000000e+05
8.280000000000e+05
8.316000000000e+05
8.352000000000e+05
8.388000000000e+05
8.424000000000e+05
8.460000000000e+05
8.496000000000e+05
8.532000000000e+05
8.568000000000e+05
8.604000000000e+05
8.640000000000e+05
8.676000000000e+05
8.712000000000e+05
8.748000000000e+05
8.784000000000e+05
8.820000000000e+05
8.856000000000e+05
8.892000000000e+05
8.928000000000e+05
8.964000000000e+05
9.000000000000e+05
9.036000000000e+05
9.072000000000e+05
9.108000000000e+05
9.144000000000e+05
9.180000000000e+05
9.216000000000e+05
9.252000000000e+05
9.288000000000e+05
9.324000000000e+05
9.360000000000e+05
9.396000000000e+05
9.432000000000e+05
9.468000000000e+05
9.504000000000e+05
9.540000000000e+05
9.576000000000e+05
9.612000000000e+05
9.648000000000e+05
9.684000000000e+05
9.720000000000e+05
9.756000000000e+05
9.792000000000e+05
9.828000000000e+05
9.864000000000e+05
9.900000000000e+05
9.936000000000e+05
9.972000000000e+05
1.000800000000e+06
1.004400000000e+06
1.008000000000e+06
1.011600000000e+06
1.015200000000e+06
1.018800000000e+06
1.022400000000e+06
1.026000000000e+06
1.029600000000e+06
1.033200000000e+06
1.036800000000e+06
1.040400000000e+06
1.044000000000e+06
1.047600000000e+06
1.051200000000e+06
1.054800000000e+06
1.058400000000e+06
1.062000000000e+06
1.065600000000e+06
1.069200000000e+06
1.072800000000e+06
1.076400000000e+06
1.080000000000e+06
1.083600000000e+06
1.087200000000e+06
1.090800000000e+06
1.094400000000e+06
1.098000000000e+06
1.101600000000e+06
1.105200000000e+06
1.108800000000e+06
1.112400000000e+06
1.116000000000e+06
1.119600000000e+06
1.123200000000e+06
1.126800000000e+06
1.130400000000e+06
1.134000000000e+06
1.137600000000e+06
1.141200000000e+06
1.144800000000e+06
1.148400000000e+06
1.152000000000e+06
1.155600000000e+06
1.159200000000e+06
1.162800000000e+06
1.166400000000e+06
1.170000000000e+06
1.173600000000e+06
1.177200000000e+06
1.180800000000e+06
1.184400000000e+06
1.188000000000e+06
1.191600000000e+06
1.195200000000e+06
1.198800000000e+06
1.202400000000e+06
1.206000000000e+06
1.209600000000e+06
1.213200000000e+06
1.216800000000e+06
1.220400000000e+06
1.224000000000e+06
1.227600000000e+06
1.231200000000e+06
1.234800000000e+06
1.238400000000e+06
1.242000000000e+06
1.245600000000e+06
1.249200000000e+06
1.252800000000e+06
1.256400000000e+06
1.260000000000e+06
1.263600000000e+06
1.267200000000e+06
1.270800000000e+06
1.274400000000e+06
1.278000000000e+06
1.281600000000e+06
1.285200000000e+06
1.288800000000e+06
1.292400000000e+06
1.296000000000e+06
1.299600000000e+06
1.303200000000e+06
1.306800000000e+06
1.310400000000e+06
1.314000000000e+06
1.317600000000e+06
1.321200000000e+06
1.324800000000e+06
1.328400000000e+06
1.332000000000e+06
1.335600000000e+06
1.339200000000e+06
1.342800000000e+06
1.346400000000e+06
1.350000000000e+06
1.353600000000e+06
1.357200000000e+06
1.360800000000e+06
1.364400000000e+06
1.368000000000e+06
1.371600000000e+06
1.375200000000e+06
1.378800000000e+06
1.382400000000e+06
1.386000000000e+06
1.389600000000e+06
1.393200000000e+06
1.396800000000e+06
1.400400000000e+06
1.404000000000e+06
1.407600000000e+06
1.411200000000e+06
1.414800000000e+06
1.418400000000e+06
1.422000000000e+06
1.425600000000e+06
1.429200000000e+06
1.432800000000e+06
1.436400000000e+06
1.440000000000e+06
1.443600000000e+06
1.447200000000e+06
1.450800000000e+06
1.454400000000e+06
1.458000000000e+06
1.461600000000e+06
1.465200000000e+06
1.468800000000e+06
1.472400000000e+06
1.476000000000e+06
1.479600000000e+06
1.483200000000e+06
1.486800000000e+06
1.490400000000e+06
1.494000000000e+06
1.497600000000e+06
1.501200000000e+06
1.504800000000e+06
1.508400000000e+06
1.512000000000e+06
1.515600000000e+06
1.519200000000e+06
1.522800000000e+06
1.526400000000e+06
1.530000000000e+06
1.533600000000e+06
1.537200000000e+06
1.540800000000e+06
1.544400000000e+06
1.548000000000e+06
1.551600000000e+06
1.555200000000e+06
1.558800000000e+06
1.562400000000e+06
1.566000000000e+06
1.569600000000e+06
1.573200000000e+06
1.576800000000e+06
1.580400000000e+06
1.584000000000e+06
1.587600000000e+06
1.591200000000e+06
1.594800000000e+06
1.598400000000e+06
1.602000000000e+06
1.605600000000e+06
1.609200000000e+06
1.612800000000e+06
1.616400000000e+06
1.620000000000e+06
1.623600000000e+06
1.627200000000e+06
1.630800000000e+06
1.634400000000e+06
1.638000000000e+06
1.641600000000e+06
1.645200000000e+06
1.648800000000e+06
1.652400000000e+06
1.656000000000e+06
1.659600000000e+06
1.663200000000e+06
1.666800000000e+06
1.670400000000e+06
1.674000000000e+06
1.677600000000e+06
1.681200000000e+06
1.684800000000e+06
1.688400000000e+06
1.692000000000e+06
1.695600000000e+06
1.699200000000e+06
1.702800000000e+06
1.706400000000e+06
1.710000000000e+06
1.713600000000e+06
1.717200000000e+06
1.720800000000e+06
1.724400000000e+06
1.728000000000e+06
1.731600000000e+06
1.735200000000e+06
1.738800000000e+06
1.742400000000e+06
1.746000000000e+06
1.749600000000e+06
1.753200000000e+06
1.756800000000e+06
1.760400000000e+06
1.764000000000e+06
1.767600000000e+06
1.771200000000e+06
1.774800000000e+06
1.778400000000e+06
1.782000000000e+06
1.785600000000e+06
1.789200000000e+06
1.792800000000e+06
1.796400000000e+06
1.800000000000e+06
1.803600000000e+06
1.807200000000e+06
1.810800000000e+06
1.814400000000e+06
1.818000000000e+06
1.821600000000e+06
1.825200000000e+06
1.828800000000e+06
1.832400000000e+06
1.836000000000e+06
1.839600000000e+06
1.843200000000e+06
1.846800000000e+06
1.850400000000e+06
1.854000000000e+06
1.857600000000e+06
1.861200000000e+06
1.864800000000e+06
1.868400000000e+06
1.872000000000e+06
1.875600000000e+06
1.879200000000e+06
1.882800000000e+06
1.886400000000e+06
1.890000000000e+06
1.893600000000e+06
1.897200000000e+06
1.900800000000e+06
1.904400000000e+06
1.908000000000e+06
1.911600000000e+06
1.915200000000e+06
1.918800000000e+06
1.922400000000e+06
1.926000000000e+06
1.929600000000e+06
1.933200000000e+06
1.936800000000e+06
1.940400000000e+06
1.944000000000e+06
1.947600000000e+06
1.951200000000e+06
1.954800000000e+06
1.958400000000e+06
1.962000000000e+06
1.965600000000e+06
1.969200000000e+06
1.972800000000e+06
1.976400000000e+06
1.980000000000e+06
1.983600000000e+06
1.987200000000e+06
1.990800000000e+06
1.994400000000e+06
1.998000000000e+06
2.001600000000e+06
2.005200000000e+06
2.008800000000e+06
2.012400000000e+06
2.016000000000e+06
2.019600000000e+06
2.023200000000e+06
2.026800000000e+06
2.030400000000e+06
2.034000000000e+06
2.037600000000e+06
2.041200000000e+06
2.044800000000e+06
2.048400000000e+06
2.052000000000e+06
2.055600000000e+06
2.059200000000e+06
2.062800000000e+06
2.066400000000e+06
2.070000000000e+06
2.073600000000e+06
2.077200000000e+06
2.080800000000e+06
2.084400000000e+06
2.088000000000e+06
2.091600000000e+06
2.095200000000e+06
2.098800000000e+06
2.102400000000e+06
2.106000000000e+06
2.109600000000e+06
2.113200000000e+06
2.116800000000e+06
2.120400000000e+06
2.124000000000e+06
2.127600000000e+06
2.131200000000e+06
2.134800000000e+06
2.138400000000e+06
2.142000000000e+06
2.145600000000e+06
2.149200000000e+06
2.152800000000e+06
2.156400000000e+06
2.160000000000e+06
2.163600000000e+06
2.167200000000e+06
2.170800000000e+06
2.174400000000e+06
2.178000000000e+06
2.181600000000e+06
2.185200000000e+06
2.188800000000e+06
2.192400000000e+06
2.196000000000e+06
2.199600000000e+06
2.203200000000e+06
2.206800000000e+06
2.210400000000e+06
2.214000000000e+06
2.217600000000e+06
2.221200000000e+06
2.224800000000e+06
2.228400000000e+06
2.232000000000e+06
2.235600000000e+06
2.239200000000e+06
2.242800000000e+06
2.246400000000e+06
2.250000000000e+06
2.253600000000e+06
2.257200000000e+06
2.260800000000e+06
2.264400000000e+06
2.268000000000e+06
2.271600000000e+06
2.275200000000e+06
2.278800000000e+06
2.282400000000e+06
2.286000000000e+06
2.289600000000e+06
2.293200000000e+06
2.296800000000e+06
2.300400000000e+06
2.304000000000e+06
2.307600000000e+06
2.311200000000e+06
2.314800000000e+06
2.318400000000e+06
2.322000000000e+06
2.325600000000e+06
2.329200000000e+06
2.332800000000e+06
2.336400000000e+06
2.340000000000e+06
2.343600000000e+06
2.347200000000e+06
2.350800000000e+06
2.354400000000e+06
2.358000000000e+06
2.361600000000e+06
2.365200000000e+06
2.368800000000e+06
2.372400000000e+06
2.376000000000e+06
2.379600000000e+06
2.383200000000e+06
2.386800000000e+06
2.390400000000e+06
2.394000000000e+06
2.397600000000e+06
2.401200000000e+06
2.404800000000e+06
2.408400000000e+06
2.412000000000e+06
2.415600000000e+06
2.419200000000e+06
2.422800000000e+06
2.426400000000e+06
2.430000000000e+06
2.433600000000e+06
2.437200000000e+06
2.440800000000e+06
2.444400000000e+06
2.448000000000e+06
2.451600000000e+06
2.455200000000e+06
2.458800000000e+06
2.462400000000e+06
2.466000000000e+06
2.469600000000e+06
2.473200000000e+06
2.476800000000e+06
2.480400000000e+06
2.484000000000e+06
2.487600000000e+06
2.491200000000e+06
2.494800000000e+06
2.498400000000e+06
2.502000000000e+06
2.505600000000e+06
2.509200000000e+06
2.512800000000e+06
2.516400000000e+06
2.520000000000e+06
2.523600000000e+06
2.527200000000e+06
2.530800000000e+06
2.534400000000e+06
2.538000000000e+06
2.541600000000e+06
2.545200000000e+06
2.548800000000e+06
2.552400000000e+06
2.556000000000e+06
2.559600000000e+06
2.563200000000e+06
2.566800000000e+06
2.570400000000e+06
2.574000000000e+06
2.577600000000e+06
2.581200000000e+06
2.584800000000e+06
2.588400000000e+06
2.592000000000e+06
2.595600000000e+06
2.599200000000e+06
2.602800000000e+06
2.606400000000e+06
2.610000000000e+06
2.613600000000e+06
2.617200000000e+06
2.620800000000e+06
2.624400000000e+06
2.628000000000e+06
2.631600000000e+06
2.635200000000e+06
2.638800000000e+06
2.642400000000e+06
2.646000000000e+06
2.649600000000e+06
2.653200000000e+06
2.656800000000e+06
2.660400000000e+06
2.664000000000e+06
2.667600000000e+06
2.671200000000e+06
2.674800000000e+06
2.678400000000e+06
2.682000000000e+06
2.685600000000e+06
2.689200000000e+06
2.692800000000e+06
2.696400000000e+06
2.700000000000e+06
2.703600000000e+06
2.707200000000e+06
2.710800000000e+06
2.714400000000e+06
2.718000000000e+06
2.721600000000e+06
2.725200000000e+06
2.728800000000e+06
2.732400000000e+06
2.736000000000e+06
2.739600000000e+06
2.743200000000e+06
2.746800000000e+06
2.750400000000e+06
2.754000000000e+06
2.757600000000e+06
2.761200000000e+06
2.764800000000e+06
2.768400000000e+06
2.772000000000e+06
2.775600000000e+06
2.779200000000e+06
2.782800000000e+06
2.786400000000e+06
2.790000000000e+06
2.793600000000e+06
2.797200000000e+06
2.800800000000e+06
2.804400000000e+06
2.808000000000e+06
2.811600000000e+06
2.815200000000e+06
2.818800000000e+06
2.822400000000e+06
2.826000000000e+06
2.829600000000e+06
2.833200000000e+06
2.836800000000e+06
2.840400000000e+06
2.844000000000e+06
2.847600000000e+06
2.851200000000e+06
2.854800000000e+06
2.858400000000e+06
2.862000000000e+06
2.865600000000e+06
2.869200000000e+06
2.872800000000e+06
2.876400000000e+06
2.880000000000e+06
2.883600000000e+06
2.887200000000e+06
2.890800000000e+06
2.894400000000e+06
2.898000000000e+06
2.901600000000e+06
2.905200000000e+06
2.908800000000e+06
2.912400000000e+06
2.916000000000e+06
2.919600000000e+06
2.923200000000e+06
2.926800000000e+06
2.930400000000e+06
2.934000000000e+06
2.937600000000e+06
2.941200000000e+06
2.944800000000e+06
2.948400000000e+06
2.952000000000e+06
2.955600000000e+06
2.959200000000e+06
2.962800000000e+06
2.966400000000e+06
2.970000000000e+06
2.973600000000e+06
2.977200000000e+06
2.980800000000e+06
2.984400000000e+06
2.988000000000e+06
2.991600000000e+06
2.995200000000e+06
2.998800000000e+06
3.002400000000e+06
3.006000000000e+06
3.009600000000e+06
3.013200000000e+06
3.016800000000e+06
3.020400000000e+06
3.024000000000e+06
