0.000000000000e+00
3.604291000000e+03
7.208582000000e+03
1.081287000000e+04
1.441716000000e+04
1.802145000000e+04
2.162574000000e+04
2.523004000000e+04
2.883433000000e+04
3.243862000000e+04
3.604291000000e+04
3.964720000000e+04
4.325149000000e+04
4.685578000000e+04
5.046007000000e+04
5.406436000000e+04
5.766865000000e+04
6.127294000000e+04
6.487723000000e+04
6.848153000000e+04
7.208582000000e+04
7.569011000000e+04
7.929440000000e+04
8.289869000000e+04
8.650298000000e+04
9.010727000000e+04
9.371156000000e+04
9.731585000000e+04
1.009201000000e+05
1.045244000000e+05
1.081287000000e+05
1.117330000000e+05
1.153373000000e+05
1.189416000000e+05
1.225459000000e+05
1.261502000000e+05
1.297545000000e+05
1.333588000000e+05
1.369631000000e+05
1.405673000000e+05
1.441716000000e+05
1.477759000000e+05
1.513802000000e+05
1.549845000000e+05
1.585888000000e+05
1.621931000000e+05
1.657974000000e+05
1.694017000000e+05
1.730060000000e+05
1.766103000000e+05
1.802145000000e+05
1.838188000000e+05
1.874231000000e+05
1.910274000000e+05
1.946317000000e+05
1.982360000000e+05
2.018403000000e+05
2.054446000000e+05
2.090489000000e+05
2.126532000000e+05
2.162574000000e+05
2.198617000000e+05
2.234660000000e+05
2.270703000000e+05
2.306746000000e+05
2.342789000000e+05
2.378832000000e+05
2.414875000000e+05
2.450918000000e+05
2.486961000000e+05
2.523004000000e+05
2.559046000000e+05
2.595089000000e+05
2.631132000000e+05
2.667175000000e+05
2.703218000000e+05
2.739261000000e+05
2.775304000000e+05
2.811347000000e+05
2.847390000000e+05
2.883433000000e+05
2.919476000000e+05
2.955518000000e+05
2.991561000000e+05
3.027604000000e+05
3.063647000000e+05
3.099690000000e+05
3.135733000000e+05
3.171776000000e+05
3.207819000000e+05
3.243862000000e+05
3.279905000000e+05
3.315948000000e+05
3.351990000000e+05
3.388033000000e+05
3.424076000000e+05
3.460119000000e+05
3.496162000000e+05
3.532205000000e+05
3.568248000000e+05
3.604291000000e+05
3.640334000000e+05
3.676377000000e+05
3.712420000000e+05
3.748462000000e+05
3.784505000000e+05
3.820548000000e+05
3.856591000000e+05
3.892634000000e+05
3.928677000000e+05
3.964720000000e+05
4.000763000000e+05
4.036806000000e+05
4.072849000000e+05
4.108892000000e+05
4.144934000000e+05
4.180977000000e+05
4.217020000000e+05
4.253063000000e+05
4.289106000000e+05
4.325149000000e+05
4.361192000000e+05
4.397235000000e+05
4.433278000000e+05
4.469321000000e+05
4.505364000000e+05
4.541406000000e+05
4.577449000000e+05
4.613492000000e+05
4.649535000000e+05
4.685578000000e+05
4.721621000000e+05
4.757664000000e+05
4.793707000000e+05
4.829750000000e+05
4.865793000000e+05
4.901836000000e+05
4.937878000000e+05
4.973921000000e+05
5.009964000000e+05
5.046007000000e+05
5.082050000000e+05
5.118093000000e+05
5.154136000000e+05
5.190179000000e+05
5.226222000000e+05
5.262265000000e+05
5.298308000000e+05
5.334350000000e+05
5.370393000000e+05
5.406436000000e+05
5.442479000000e+05
5.478522000000e+05
5.514565000000e+05
5.550608000000e+05
5.586651000000e+05
5.622694000000e+05
5.658737000000e+05
5.694779000000e+05
5.730822000000e+05
5.766865000000e+05
5.802908000000e+05
5.838951000000e+05
5.874994000000e+05
5.911037000000e+05
5.947080000000e+05
5.983123000000e+05
6.019166000000e+05
6.055209000000e+05
6.091251000000e+05
6.127294000000e+05
6.163337000000e+05
6.199380000000e+05
6.235423000000e+05
6.271466000000e+05
6.307509000000e+05
6.343552000000e+05
6.379595000000e+05
6.415638000000e+05
6.451681000000e+05
6.487723000000e+05
6.523766000000e+05
6.559809000000e+05
6.595852000000e+05
6.631895000000e+05
6.667938000000e+05
6.703981000000e+05
6.740024000000e+05
6.776067000000e+05
6.812110000000e+05
6.848153000000e+05
6.884195000000e+05
6.920238000000e+05
6.956281000000e+05
6.992324000000e+05
7.028367000000e+05
7.064410000000e+05
7.100453000000e+05
7.136496000000e+05
7.172539000000e+05
7.208582000000e+05
7.244625000000e+05
7.280667000000e+05
7.316710000000e+05
7.352753000000e+05
7.388796000000e+05
7.424839000000e+05
7.460882000000e+05
7.496925000000e+05
7.532968000000e+05
7.569011000000e+05
7.605054000000e+05
7.641097000000e+05
7.677139000000e+05
7.713182000000e+05
7.749225000000e+05
7.785268000000e+05
7.821311000000e+05
7.857354000000e+05
7.893397000000e+05
7.929440000000e+05
7.965483000000e+05
8.001526000000e+05
8.037569000000e+05
8.073611000000e+05
8.109654000000e+05
8.145697000000e+05
8.181740000000e+05
8.217783000000e+05
8.253826000000e+05
8.289869000000e+05
8.325912000000e+05
8.361955000000e+05
8.397998000000e+05
8.434041000000e+05
8.470083000000e+05
8.506126000000e+05
8.542169000000e+05
8.578212000000e+05
8.614255000000e+05
8.650298000000e+05
8.686341000000e+05
8.722384000000e+05
8.758427000000e+05
8.794470000000e+05
8.830513000000e+05
8.866555000000e+05
8.902598000000e+05
8.938641000000e+05
8.974684000000e+05
9.010727000000e+05
9.046770000000e+05
9.082813000000e+05
9.118856000000e+05
9.154899000000e+05
9.190942000000e+05
9.226985000000e+05
9.263027000000e+05
9.299070000000e+05
9.335113000000e+05
9.371156000000e+05
9.407199000000e+05
9.443242000000e+05
9.479285000000e+05
9.515328000000e+05
9.551371000000e+05
9.587414000000e+05
9.623456000000e+05
9.659499000000e+05
9.695542000000e+05
9.731585000000e+05
9.767628000000e+05
9.803671000000e+05
9.839714000000e+05
9.875757000000e+05
9.911800000000e+05
9.947843000000e+05
9.983886000000e+05
1.001993000000e+06
1.005597000000e+06
1.009201000000e+06
1.012806000000e+06
1.016410000000e+06
1.020014000000e+06
1.023619000000e+06
1.027223000000e+06
1.030827000000e+06
1.034431000000e+06
1.038036000000e+06
1.041640000000e+06
1.045244000000e+06
1.048849000000e+06
1.052453000000e+06
1.056057000000e+06
1.059662000000e+06
1.063266000000e+06
1.066870000000e+06
1.070474000000e+06
1.074079000000e+06
1.077683000000e+06
1.081287000000e+06
1.084892000000e+06
1.088496000000e+06
1.092100000000e+06
1.095704000000e+06
1.099309000000e+06
1.102913000000e+06
1.106517000000e+06
1.110122000000e+06
1.113726000000e+06
1.117330000000e+06
1.120934000000e+06
1.124539000000e+06
1.128143000000e+06
1.131747000000e+06
1.135352000000e+06
1.138956000000e+06
1.142560000000e+06
1.146164000000e+06
1.149769000000e+06
1.153373000000e+06
1.156977000000e+06
1.160582000000e+06
1.164186000000e+06
1.167790000000e+06
1.171395000000e+06
1.174999000000e+06
1.178603000000e+06
1.182207000000e+06
1.185812000000e+06
1.189416000000e+06
1.193020000000e+06
1.196625000000e+06
1.200229000000e+06
1.203833000000e+06
1.207437000000e+06
1.211042000000e+06
1.214646000000e+06
1.218250000000e+06
1.221855000000e+06
1.225459000000e+06
1.229063000000e+06
1.232667000000e+06
1.236272000000e+06
1.239876000000e+06
1.243480000000e+06
1.247085000000e+06
1.250689000000e+06
1.254293000000e+06
1.257897000000e+06
1.261502000000e+06
1.265106000000e+06
1.268710000000e+06
1.272315000000e+06
1.275919000000e+06
1.279523000000e+06
1.283128000000e+06
1.286732000000e+06
1.290336000000e+06
1.293940000000e+06
1.297545000000e+06
1.301149000000e+06
1.304753000000e+06
1.308358000000e+06
1.311962000000e+06
1.315566000000e+06
1.319170000000e+06
1.322775000000e+06
1.326379000000e+06
1.329983000000e+06
1.333588000000e+06
1.337192000000e+06
1.340796000000e+06
1.344400000000e+06
1.348005000000e+06
1.351609000000e+06
1.355213000000e+06
1.358818000000e+06
1.362422000000e+06
1.366026000000e+06
1.369631000000e+06
1.373235000000e+06
1.376839000000e+06
1.380443000000e+06
1.384048000000e+06
1.387652000000e+06
1.391256000000e+06
1.394861000000e+06
1.398465000000e+06
1.402069000000e+06
1.405673000000e+06
1.409278000000e+06
1.412882000000e+06
1.416486000000e+06
1.420091000000e+06
1.423695000000e+06
1.427299000000e+06
1.430903000000e+06
1.434508000000e+06
1.438112000000e+06
1.441716000000e+06
1.445321000000e+06
1.448925000000e+06
1.452529000000e+06
1.456133000000e+06
1.459738000000e+06
1.463342000000e+06
1.466946000000e+06
1.470551000000e+06
1.474155000000e+06
1.477759000000e+06
1.481364000000e+06
1.484968000000e+06
1.488572000000e+06
1.492176000000e+06
1.495781000000e+06
1.499385000000e+06
1.502989000000e+06
1.506594000000e+06
1.510198000000e+06
1.513802000000e+06
1.517406000000e+06
1.521011000000e+06
1.524615000000e+06
1.528219000000e+06
1.531824000000e+06
1.535428000000e+06
1.539032000000e+06
1.542636000000e+06
1.546241000000e+06
1.549845000000e+06
1.553449000000e+06
1.557054000000e+06
1.560658000000e+06
1.564262000000e+06
1.567867000000e+06
1.571471000000e+06
1.575075000000e+06
1.578679000000e+06
1.582284000000e+06
1.585888000000e+06
1.589492000000e+06
1.593097000000e+06
1.596701000000e+06
1.600305000000e+06
1.603909000000e+06
1.607514000000e+06
1.611118000000e+06
1.614722000000e+06
1.618327000000e+06
1.621931000000e+06
1.625535000000e+06
1.629139000000e+06
1.632744000000e+06
1.636348000000e+06
1.639952000000e+06
1.643557000000e+06
1.647161000000e+06
1.650765000000e+06
1.654369000000e+06
1.657974000000e+06
1.661578000000e+06
1.665182000000e+06
1.668787000000e+06
1.672391000000e+06
1.675995000000e+06
1.679600000000e+06
1.683204000000e+06
1.686808000000e+06
1.690412000000e+06
1.694017000000e+06
1.697621000000e+06
1.701225000000e+06
1.704830000000e+06
1.708434000000e+06
1.712038000000e+06
1.715642000000e+06
1.719247000000e+06
1.722851000000e+06
1.726455000000e+06
1.730060000000e+06
1.733664000000e+06
1.737268000000e+06
1.740872000000e+06
1.744477000000e+06
1.748081000000e+06
1.751685000000e+06
1.755290000000e+06
1.758894000000e+06
1.762498000000e+06
1.766103000000e+06
1.769707000000e+06
1.773311000000e+06
1.776915000000e+06
1.780520000000e+06
1.784124000000e+06
1.787728000000e+06
1.791333000000e+06
1.794937000000e+06
1.798541000000e+06
1.802145000000e+06
1.805750000000e+06
1.809354000000e+06
1.812958000000e+06
1.816563000000e+06
1.820167000000e+06
1.823771000000e+06
1.827375000000e+06
1.830980000000e+06
1.834584000000e+06
1.838188000000e+06
1.841793000000e+06
1.845397000000e+06
1.849001000000e+06
1.852605000000e+06
1.856210000000e+06
1.859814000000e+06
1.863418000000e+06
1.867023000000e+06
1.870627000000e+06
1.874231000000e+06
1.877836000000e+06
1.881440000000e+06
1.885044000000e+06
1.888648000000e+06
1.892253000000e+06
1.895857000000e+06
1.899461000000e+06
1.903066000000e+06
1.906670000000e+06
1.910274000000e+06
1.913878000000e+06
1.917483000000e+06
1.921087000000e+06
1.924691000000e+06
1.928296000000e+06
1.931900000000e+06
1.935504000000e+06
1.939108000000e+06
1.942713000000e+06
1.946317000000e+06
1.949921000000e+06
1.953526000000e+06
1.957130000000e+06
1.960734000000e+06
1.964338000000e+06
1.967943000000e+06
1.971547000000e+06
1.975151000000e+06
1.978756000000e+06
1.982360000000e+06
1.985964000000e+06
1.989569000000e+06
1.993173000000e+06
1.996777000000e+06
2.000381000000e+06
2.003986000000e+06
2.007590000000e+06
2.011194000000e+06
2.014799000000e+06
2.018403000000e+06
2.022007000000e+06
2.025611000000e+06
2.029216000000e+06
2.032820000000e+06
2.036424000000e+06
2.040029000000e+06
2.043633000000e+06
2.047237000000e+06
2.050841000000e+06
2.054446000000e+06
2.058050000000e+06
2.061654000000e+06
2.065259000000e+06
2.068863000000e+06
2.072467000000e+06
2.076072000000e+06
2.079676000000e+06
2.083280000000e+06
2.086884000000e+06
2.090489000000e+06
2.094093000000e+06
2.097697000000e+06
2.101302000000e+06
2.104906000000e+06
2.108510000000e+06
2.112114000000e+06
2.115719000000e+06
2.119323000000e+06
2.122927000000e+06
2.126532000000e+06
2.130136000000e+06
2.133740000000e+06
2.137344000000e+06
2.140949000000e+06
2.144553000000e+06
2.148157000000e+06
2.151762000000e+06
2.155366000000e+06
2.158970000000e+06
2.162574000000e+06
2.166179000000e+06
2.169783000000e+06
2.173387000000e+06
2.176992000000e+06
2.180596000000e+06
2.184200000000e+06
2.187805000000e+06
2.191409000000e+06
2.195013000000e+06
2.198617000000e+06
2.202222000000e+06
2.205826000000e+06
2.209430000000e+06
2.213035000000e+06
2.216639000000e+06
2.220243000000e+06
2.223847000000e+06
2.227452000000e+06
2.231056000000e+06
2.234660000000e+06
2.238265000000e+06
2.241869000000e+06
2.245473000000e+06
2.249077000000e+06
2.252682000000e+06
2.256286000000e+06
2.259890000000e+06
2.263495000000e+06
2.267099000000e+06
2.270703000000e+06
2.274308000000e+06
2.277912000000e+06
2.281516000000e+06
2.285120000000e+06
2.288725000000e+06
2.292329000000e+06
2.295933000000e+06
2.299538000000e+06
2.303142000000e+06
2.306746000000e+06
2.310350000000e+06
2.313955000000e+06
2.317559000000e+06
2.321163000000e+06
2.324768000000e+06
2.328372000000e+06
2.331976000000e+06
2.335580000000e+06
2.339185000000e+06
2.342789000000e+06
2.346393000000e+06
2.349998000000e+06
2.353602000000e+06
2.357206000000e+06
2.360810000000e+06
2.364415000000e+06
2.368019000000e+06
2.371623000000e+06
2.375228000000e+06
2.378832000000e+06
2.382436000000e+06
2.386041000000e+06
2.389645000000e+06
2.393249000000e+06
2.396853000000e+06
2.400458000000e+06
2.404062000000e+06
2.407666000000e+06
2.411271000000e+06
2.414875000000e+06
2.418479000000e+06
2.422083000000e+06
2.425688000000e+06
2.429292000000e+06
2.432896000000e+06
2.436501000000e+06
2.440105000000e+06
2.443709000000e+06
2.447313000000e+06
2.450918000000e+06
2.454522000000e+06
2.458126000000e+06
2.461731000000e+06
2.465335000000e+06
2.468939000000e+06
2.472544000000e+06
2.476148000000e+06
2.479752000000e+06
2.483356000000e+06
2.486961000000e+06
2.490565000000e+06
2.494169000000e+06
2.497774000000e+06
2.501378000000e+06
2.504982000000e+06
2.508586000000e+06
2.512191000000e+06
2.515795000000e+06
2.519399000000e+06
2.523004000000e+06
2.526608000000e+06
2.530212000000e+06
2.533816000000e+06
2.537421000000e+06
2.541025000000e+06
2.544629000000e+06
2.548234000000e+06
2.551838000000e+06
2.555442000000e+06
2.559046000000e+06
2.562651000000e+06
2.566255000000e+06
2.569859000000e+06
2.573464000000e+06
2.577068000000e+06
2.580672000000e+06
2.584277000000e+06
2.587881000000e+06
2.591485000000e+06
2.595089000000e+06
2.598694000000e+06
2.602298000000e+06
2.605902000000e+06
2.609507000000e+06
2.613111000000e+06
2.616715000000e+06
2.620319000000e+06
2.623924000000e+06
2.627528000000e+06
2.631132000000e+06
2.634737000000e+06
2.638341000000e+06
2.641945000000e+06
2.645549000000e+06
2.649154000000e+06
2.652758000000e+06
2.656362000000e+06
2.659967000000e+06
2.663571000000e+06
2.667175000000e+06
2.670779000000e+06
2.674384000000e+06
2.677988000000e+06
2.681592000000e+06
2.685197000000e+06
2.688801000000e+06
2.692405000000e+06
2.696010000000e+06
2.699614000000e+06
2.703218000000e+06
2.706822000000e+06
2.710427000000e+06
2.714031000000e+06
2.717635000000e+06
2.721240000000e+06
2.724844000000e+06
2.728448000000e+06
2.732052000000e+06
2.735657000000e+06
2.739261000000e+06
2.742865000000e+06
2.746470000000e+06
2.750074000000e+06
2.753678000000e+06
2.757282000000e+06
2.760887000000e+06
2.764491000000e+06
2.768095000000e+06
2.771700000000e+06
2.775304000000e+06
2.778908000000e+06
2.782513000000e+06
2.786117000000e+06
2.789721000000e+06
2.793325000000e+06
2.796930000000e+06
2.800534000000e+06
2.804138000000e+06
2.807743000000e+06
2.811347000000e+06
2.814951000000e+06
2.818555000000e+06
2.822160000000e+06
2.825764000000e+06
2.829368000000e+06
2.832973000000e+06
2.836577000000e+06
2.840181000000e+06
2.843785000000e+06
2.847390000000e+06
2.850994000000e+06
2.854598000000e+06
2.858203000000e+06
2.861807000000e+06
2.865411000000e+06
2.869015000000e+06
2.872620000000e+06
2.876224000000e+06
2.879828000000e+06
2.883433000000e+06
2.887037000000e+06
2.890641000000e+06
2.894246000000e+06
2.897850000000e+06
2.901454000000e+06
2.905058000000e+06
2.908663000000e+06
2.912267000000e+06
2.915871000000e+06
2.919476000000e+06
2.923080000000e+06
2.926684000000e+06
2.930288000000e+06
2.933893000000e+06
2.937497000000e+06
2.941101000000e+06
2.944706000000e+06
2.948310000000e+06
2.951914000000e+06
2.955518000000e+06
2.959123000000e+06
2.962727000000e+06
2.966331000000e+06
2.969936000000e+06
2.973540000000e+06
2.977144000000e+06
2.980749000000e+06
2.984353000000e+06
2.987957000000e+06
2.991561000000e+06
2.995166000000e+06
2.998770000000e+06
3.002374000000e+06
3.005979000000e+06
3.009583000000e+06
3.013187000000e+06
3.016791000000e+06
3.020396000000e+06
3.024000000000e+06
