4.986316533904e+00
4.947483734561e+00
4.918406922920e+00
4.898609935772e+00
4.887635880603e+00
4.885047135596e+00
4.890425349629e+00
4.903371442276e+00
4.923505603807e+00
4.950467295187e+00
4.983915248078e+00
5.023527464835e+00
5.069001218511e+00
5.120053052855e+00
5.176418782311e+00
5.237853492017e+00
5.304131537810e+00
5.375046546220e+00
5.450411414475e+00
5.530058310496e+00
5.613838672903e+00
5.701623211008e+00
5.793301904821e+00
5.888784005048e+00
5.987998033091e+00
6.090891781044e+00
6.197432311702e+00
6.307605958552e+00
6.421418325778e+00
6.538894288261e+00
6.660077991574e+00
6.785032851989e+00
6.913841556474e+00
7.046606062689e+00
7.183447598995e+00
7.324506664444e+00
7.469943028786e+00
7.619935732467e+00
7.774683086627e+00
7.934402673104e+00
8.099331344429e+00
8.269725223832e+00
8.445859705235e+00
8.628029453259e+00
8.816548403219e+00
9.011749761126e+00
9.213986003687e+00
9.423628878304e+00
9.641069403075e+00
9.866717866794e+00
1.010100385395e+01
1.034437814459e+01
1.059731846390e+01
1.086033138209e+01
1.113395233936e+01
1.141874564594e+01
1.171530448206e+01
1.202425089794e+01
1.234623581384e+01
1.268193902001e+01
1.303206917671e+01
1.339736381421e+01
1.377858933279e+01
1.417654100273e+01
1.459204296434e+01
1.502594822791e+01
1.547913867376e+01
1.595252505221e+01
1.644704698359e+01
1.696367295824e+01
1.750340033650e+01
1.806725534873e+01
1.865629309529e+01
1.927159754656e+01
1.991428154291e+01
2.058548679473e+01
2.128638388243e+01
2.201817225640e+01
2.278208023707e+01
2.357936501485e+01
2.441131265018e+01
2.527923807349e+01
2.618448508524e+01
2.712842635588e+01
2.811246342587e+01
2.913802670570e+01
3.020657547584e+01
3.131959788678e+01
3.247861095903e+01
3.368516058309e+01
3.494082151947e+01
3.624719739871e+01
3.760592072133e+01
3.901865285788e+01
4.048708404891e+01
4.201293340497e+01
4.359794890664e+01
4.524390740448e+01
4.695261461909e+01
4.872590514105e+01
