4.820390000000e+00
4.825093000000e+00
4.835580000000e+00
4.850578000000e+00
4.869575000000e+00
4.892272000000e+00
4.918475000000e+00
4.948048000000e+00
4.980899000000e+00
5.016962000000e+00
5.056197000000e+00
5.098578000000e+00
5.144095000000e+00
5.192752000000e+00
5.244562000000e+00
5.299548000000e+00
5.357741000000e+00
5.419182000000e+00
5.483918000000e+00
5.552005000000e+00
5.623502000000e+00
5.698481000000e+00
5.777015000000e+00
5.859186000000e+00
5.945083000000e+00
6.034801000000e+00
6.128442000000e+00
6.226114000000e+00
6.327933000000e+00
6.434020000000e+00
6.544506000000e+00
6.659527000000e+00
6.779227000000e+00
6.903760000000e+00
7.033285000000e+00
7.167971000000e+00
7.307997000000e+00
7.453548000000e+00
7.604820000000e+00
7.762020000000e+00
7.925364000000e+00
8.095078000000e+00
8.271401000000e+00
8.454581000000e+00
8.644881000000e+00
8.842574000000e+00
9.047949000000e+00
9.261308000000e+00
9.482966000000e+00
9.713255000000e+00
9.952523000000e+00
1.020113000000e+01
1.045947000000e+01
1.072793000000e+01
1.100694000000e+01
1.129693000000e+01
1.159837000000e+01
1.191174000000e+01
1.223755000000e+01
1.257633000000e+01
1.292865000000e+01
1.329508000000e+01
1.367625000000e+01
1.407279000000e+01
1.448539000000e+01
1.491477000000e+01
1.536165000000e+01
1.582684000000e+01
1.631115000000e+01
1.681544000000e+01
1.734064000000e+01
1.788769000000e+01
1.845759000000e+01
1.905140000000e+01
1.967023000000e+01
2.031525000000e+01
2.098767000000e+01
2.168879000000e+01
2.241997000000e+01
2.318262000000e+01
2.397825000000e+01
2.480844000000e+01
2.567484000000e+01
2.657922000000e+01
2.752340000000e+01
2.850933000000e+01
2.953905000000e+01
3.061471000000e+01
3.173858000000e+01
3.291304000000e+01
3.414062000000e+01
3.542397000000e+01
3.676588000000e+01
3.816931000000e+01
3.963737000000e+01
4.117334000000e+01
4.278068000000e+01
4.446305000000e+01
4.622431000000e+01
4.806852000000e+01
5.000000000000e+01
