-4.257554465580e-02
-4.168180427672e-02
-4.073941782255e-02
-3.975407737435e-02
-3.873181446733e-02
-3.767878783258e-02
-3.660113541476e-02
-3.550506949162e-02
-3.439655300823e-02
-3.328138746740e-02
-3.216503157234e-02
-3.105263167548e-02
-2.994894011205e-02
-2.885831865778e-02
-2.778458969060e-02
-2.673118457955e-02
-2.570104949343e-02
-2.469668968960e-02
-2.372016600712e-02
-2.277312583850e-02
-2.185681051039e-02
-2.097219926819e-02
-2.011985765258e-02
-1.930005543774e-02
-1.851281085400e-02
-1.775786692309e-02
-1.703486100500e-02
-1.634319669796e-02
-1.568222085505e-02
-1.505099042882e-02
-1.444848001593e-02
-1.387368381994e-02
-1.332560479657e-02
-1.280338561300e-02
-1.230578378616e-02
-1.183154598122e-02
-1.137907005413e-02
-1.094744117348e-02
-1.053610603099e-02
-1.014433626426e-02
-9.771098413870e-03
-9.413645705093e-03
-9.071621873222e-03
-8.743865542969e-03
-8.430954807373e-03
-8.132030768799e-03
-7.845826383631e-03
-7.570517462969e-03
-7.304981666069e-03
-7.050019566253e-03
-6.805364898113e-03
-6.571060184688e-03
-6.344520051695e-03
-6.124198864386e-03
-5.907108328293e-03
-5.696742281768e-03
-5.499259207318e-03
-5.307675646849e-03
-5.121848523826e-03
-4.941460291688e-03
-4.766254210212e-03
-4.595943872734e-03
-4.430299075490e-03
-4.269075069274e-03
-4.112057061121e-03
-3.959003783931e-03
-3.809725721977e-03
-3.663995752289e-03
-3.516344258854e-03
-3.371438890033e-03
-3.236187947113e-03
-3.103778655957e-03
-2.963566520104e-03
-2.824690370415e-03
-2.696293860675e-03
-2.564520036489e-03
-2.440790777255e-03
-2.326052850878e-03
-2.213456043262e-03
-2.102999618796e-03
-1.994641686872e-03
-1.888340583667e-03
-1.784053181225e-03
-1.681744648802e-03
-1.581374748638e-03
-1.482908310818e-03
-1.386304891237e-03
-1.291528775826e-03
-1.198546619350e-03
-1.107322246638e-03
-1.017830304330e-03
-9.247448926693e-04
-8.322957466387e-04
-7.484882217032e-04
-6.662153503464e-04
-5.854232962151e-04
-5.061645190597e-04
-4.284064181245e-04
-3.521364971631e-04
-2.773340448722e-04
-2.039772641710e-04
-1.320478523909e-04
-6.152048488652e-05
7.624227749517e-06
7.539901657619e-05
1.418263228204e-04
2.069240653343e-04
2.811798807384e-04
4.047886682085e-04
5.357780145463e-04
6.067641788746e-04
6.654930064559e-04
7.163724198084e-04
7.720551144766e-04
8.286071348997e-04
8.769296122589e-04
9.247756197826e-04
9.719388195537e-04
1.018406362057e-03
1.064166552439e-03
1.109208036479e-03
1.153521630933e-03
1.197103923344e-03
1.239949424932e-03
1.282054673829e-03
1.323417837366e-03
1.364034646790e-03
1.409053119615e-03
1.465606621659e-03
1.564245743319e-03
1.702465990928e-03
1.821008893742e-03
1.922426226559e-03
1.974264812245e-03
2.010246411785e-03
2.049694074554e-03
2.075602328369e-03
2.094574301761e-03
2.114353468668e-03
2.134451583545e-03
2.154809187423e-03
2.175332613612e-03
2.196007287156e-03
2.221850998669e-03
2.250077164165e-03
2.269848031125e-03
2.290042807144e-03
2.310183050855e-03
2.330234377736e-03
2.350164039594e-03
2.369949534401e-03
2.389579325328e-03
2.409020928961e-03
2.428263706008e-03
2.447293748179e-03
2.466095169853e-03
2.484658664616e-03
2.502972237108e-03
2.521027224791e-03
2.538811606583e-03
2.556314194896e-03
2.573539027235e-03
2.590477657204e-03
2.607120785984e-03
2.623475663828e-03
2.639543301030e-03
2.655317046928e-03
2.670801423765e-03
2.686002019779e-03
2.700915883300e-03
2.715545030285e-03
2.729893701162e-03
2.743963414353e-03
2.757756226593e-03
2.771271049860e-03
2.784510792179e-03
2.797477012583e-03
2.810171557076e-03
2.822595927856e-03
2.834751727112e-03
2.846644767483e-03
2.858277152520e-03
2.869652467781e-03
2.880774659015e-03
2.891647994566e-03
2.902277065364e-03
2.912657939622e-03
2.922793835670e-03
2.932691732943e-03
2.942354720927e-03
2.951785957250e-03
2.960988415323e-03
2.970619710734e-03
2.978719655999e-03
2.987253970901e-03
2.995571499345e-03
3.003675232667e-03
3.011568162204e-03
3.019253279291e-03
3.026732436951e-03
3.034009137871e-03
3.041086268895e-03
3.047966712235e-03
3.054653350105e-03
3.061148245547e-03
3.067452688704e-03
3.073570543970e-03
3.079504489250e-03
3.085257202452e-03
3.090831361482e-03
3.096227640907e-03
3.101448598985e-03
3.106497366435e-03
3.111376393763e-03
3.116088131475e-03
3.120634926218e-03
3.125016423266e-03
3.129236531892e-03
3.133297485961e-03
3.137201519335e-03
3.140950865880e-03
3.144547136801e-03
3.147991488774e-03
3.151286553566e-03
3.154434244641e-03
3.157436444568e-03
3.160295005014e-03
3.163011517376e-03
3.165587748449e-03
3.168025461940e-03
3.170326327761e-03
3.172491979495e-03
3.174524050243e-03
3.176424555339e-03
3.178194849567e-03
3.179836503478e-03
3.181351059468e-03
3.182740031778e-03
3.184005029276e-03
3.185147674699e-03
3.186169337323e-03
3.187071474272e-03
3.187855519846e-03
3.188522885512e-03
3.189075211550e-03
3.189513859885e-03
3.189840179551e-03
3.190055549913e-03
3.190161333008e-03
3.190158873543e-03
3.190049498894e-03
3.189834519107e-03
3.189515226900e-03
3.189092897660e-03
3.188568789442e-03
3.187944071949e-03
3.187219924674e-03
3.186397603740e-03
3.185478287206e-03
3.184463135076e-03
3.183353289300e-03
3.182149873769e-03
3.180853994319e-03
3.179466738731e-03
3.177989176730e-03
3.176422723579e-03
3.174769085857e-03
3.173028714928e-03
3.171202679134e-03
3.169292033054e-03
3.167297817498e-03
3.165221059510e-03
3.163062772369e-03
3.160823955588e-03
3.158505594912e-03
3.156108747579e-03
3.153634874160e-03
3.151084561342e-03
3.148458773765e-03
3.145758464277e-03
3.142984573939e-03
3.140138032016e-03
3.137219755986e-03
3.134230651535e-03
3.131171612557e-03
3.128043521157e-03
3.124847893491e-03
3.121585183277e-03
3.118256263568e-03
3.114862006613e-03
3.111403274971e-03
3.107880921513e-03
3.104295789426e-03
3.101331805421e-03
3.096940513655e-03
3.093172007903e-03
3.089344324058e-03
3.085458136073e-03
3.081514188528e-03
3.077513279906e-03
3.073456200317e-03
3.069343731502e-03
3.065176646826e-03
3.060955711283e-03
3.056681681497e-03
3.052355305718e-03
3.047977513327e-03
3.043549038933e-03
3.039070534316e-03
3.034542731628e-03
3.029966355645e-03
3.025342123774e-03
3.020670746046e-03
3.015952925122e-03
3.011189356288e-03
3.006380727458e-03
3.001527792400e-03
2.996631280799e-03
2.991691805405e-03
2.986710039300e-03
2.981686649693e-03
2.976622297987e-03
2.971517639837e-03
2.966373325225e-03
2.961189998519e-03
2.955968298542e-03
2.950708873639e-03
2.945412384997e-03
2.940079431523e-03
2.934710635278e-03
2.929306613599e-03
2.923867979185e-03
2.918395340183e-03
2.912889300276e-03
2.907350458772e-03
2.901779410691e-03
2.896176734369e-03
2.890542924909e-03
2.884878622412e-03
2.879184396441e-03
2.873460811750e-03
2.867708428332e-03
2.861927801462e-03
2.856119481741e-03
2.850284015141e-03
2.844421943053e-03
2.838533802327e-03
2.832620116330e-03
2.826681417854e-03
2.820718229920e-03
2.814731070829e-03
2.808720454486e-03
2.802686890435e-03
2.796630883908e-03
2.790552935861e-03
2.784453543017e-03
2.778333197907e-03
2.772192377544e-03
2.766031569265e-03
2.759851254505e-03
2.753651908123e-03
2.747434000860e-03
2.741197999375e-03
2.734944366280e-03
2.728673560176e-03
2.722386035687e-03
2.716082243500e-03
2.709762638102e-03
2.703427663577e-03
2.697077756242e-03
2.690713352534e-03
2.684334885243e-03
2.677942783554e-03
2.672126030291e-03
2.668642234760e-03
2.658688910743e-03
2.652246492650e-03
2.645792495159e-03
2.639327292200e-03
2.632851318816e-03
2.626365022867e-03
2.619868795083e-03
2.613363013986e-03
2.606848068777e-03
2.600897210107e-03
2.593792211401e-03
2.587252067158e-03
2.581272824851e-03
2.574149218283e-03
2.567587253499e-03
2.561018746340e-03
2.554444059080e-03
2.547863549158e-03
2.541277576243e-03
2.534686500470e-03
2.528090647346e-03
2.528122042358e-03
2.539503305557e-03
2.531518279933e-03
2.523833278117e-03
2.516231297309e-03
2.508704103165e-03
2.501246540274e-03
2.493855048409e-03
2.486519952152e-03
2.479240398215e-03
2.472009874985e-03
2.464825711961e-03
2.457683689807e-03
2.450580662726e-03
2.443513279870e-03
2.436478172460e-03
2.429471785652e-03
2.422491963592e-03
2.415538133988e-03
2.408606378988e-03
2.401694709657e-03
2.394805379554e-03
2.387934819717e-03
2.381081436742e-03
2.374247181901e-03
2.367430101052e-03
2.360629194750e-03
2.353844472218e-03
2.347075713837e-03
2.340322459535e-03
2.333583949485e-03
2.326859048969e-03
2.320147492223e-03
2.313448664752e-03
2.306761941751e-03
2.300086688113e-03
2.293422404412e-03
2.286772118153e-03
2.280133917376e-03
2.273507864844e-03
2.266894096973e-03
2.260292823823e-03
2.253703789875e-03
2.247125349893e-03
2.240558705179e-03
2.234003917591e-03
2.227461078923e-03
2.220930310905e-03
2.214411500924e-03
2.207904490554e-03
2.201409629618e-03
2.194927049464e-03
2.188456901188e-03
2.181999355636e-03
2.175554110695e-03
2.169121197815e-03
2.162700919203e-03
2.156293385181e-03
2.150845986205e-03
2.143517026625e-03
2.137148343126e-03
2.130792802367e-03
2.124451319952e-03
2.123984413013e-03
2.153823182516e-03
2.220034791901e-03
2.307237337942e-03
2.462674565878e-03
2.566557908444e-03
2.597671415657e-03
2.598321559310e-03
2.621946472651e-03
2.663365860761e-03
2.725931577596e-03
2.756340633221e-03
2.755052354408e-03
2.754233442796e-03
2.789115418736e-03
2.826269134649e-03
2.808315350752e-03
2.776491410189e-03
2.759033841258e-03
2.755336873914e-03
2.761715642230e-03
2.773966288735e-03
2.808302697431e-03
2.844621195334e-03
2.854236394272e-03
2.839364703269e-03
2.809729071605e-03
2.788503544512e-03
2.759260210177e-03
2.731602845185e-03
2.708289421939e-03
2.695814436655e-03
2.681305048360e-03
2.658211533557e-03
2.636160153820e-03
2.615201688149e-03
2.595259966620e-03
2.576258088216e-03
2.558123899679e-03
2.540812786944e-03
2.524264729334e-03
2.508412626252e-03
2.493226634465e-03
2.478654717179e-03
2.464657404235e-03
2.451191391218e-03
2.438750362066e-03
2.425683386560e-03
2.413586183328e-03
2.401875845369e-03
2.390528379230e-03
2.379541364097e-03
2.368876940651e-03
2.358524120489e-03
2.348476521335e-03
2.338708990683e-03
2.329213234882e-03
2.319980542275e-03
2.310999511702e-03
2.302254550160e-03
2.306695376191e-03
2.389433827865e-03
2.540718201342e-03
2.576556636049e-03
2.678869623160e-03
2.714190684353e-03
2.705686376239e-03
2.678891533349e-03
2.653411475312e-03
2.629517764851e-03
2.607079753953e-03
2.585996210495e-03
2.566152736141e-03
2.547448744925e-03
2.529800494962e-03
2.513128119099e-03
2.497347102777e-03
2.482373824155e-03
2.468142970129e-03
2.454590277380e-03
2.441656376950e-03
2.429309385529e-03
2.417491821488e-03
2.406187539243e-03
2.395347874822e-03
2.384956380200e-03
2.374985505818e-03
2.365402418619e-03
2.356180115230e-03
2.347292908594e-03
2.338714332594e-03
2.330422770157e-03
2.322403996233e-03
2.314640661249e-03
2.307119770817e-03
2.299829935947e-03
2.292734114096e-03
2.288248952490e-03
2.295789797697e-03
2.317714520925e-03
2.355719911487e-03
2.380052631750e-03
2.388496545457e-03
2.377266374626e-03
2.368271054626e-03
2.366912645388e-03
2.358835859889e-03
2.358006690902e-03
2.348062833924e-03
2.340570739334e-03
2.345308648505e-03
2.364667464837e-03
2.405330857938e-03
2.446900940018e-03
2.462450153474e-03
2.488987489255e-03
2.483593929873e-03
2.470465449274e-03
2.469720685957e-03
2.479276877440e-03
2.488850306970e-03
2.505152324562e-03
2.557706025517e-03
2.628521783085e-03
2.649671045998e-03
2.638438993747e-03
2.619837953213e-03
2.616395210662e-03
2.633406334509e-03
2.648096898679e-03
2.654967975802e-03
2.666707817783e-03
2.659034366364e-03
2.651382609959e-03
2.642122316946e-03
2.628370065515e-03
2.632367823971e-03
2.625180107775e-03
2.608511001242e-03
2.592383967409e-03
2.577156107087e-03
2.565040682924e-03
2.565452530703e-03
2.573916951357e-03
2.572736951700e-03
2.569105416670e-03
2.556084238285e-03
2.543283686096e-03
2.531140796808e-03
2.519605189983e-03
2.508662761900e-03
2.500401288071e-03
2.500085829871e-03
2.490608197721e-03
2.481048988004e-03
2.471909043439e-03
2.463160017729e-03
2.454783480378e-03
2.446753842468e-03
2.439044347201e-03
2.431640883328e-03
2.424512907643e-03
2.417652977710e-03
2.411037909250e-03
2.404653788842e-03
2.398483965062e-03
2.392511785319e-03
2.386720587948e-03
2.381099840733e-03
2.375640132282e-03
2.370324367727e-03
2.365145649300e-03
2.360102484506e-03
2.355179746206e-03
2.350371505736e-03
2.345678442400e-03
2.341089323770e-03
2.336598373427e-03
2.332204326960e-03
2.327901293062e-03
2.323684915396e-03
2.319546351626e-03
2.315481775166e-03
2.311486166818e-03
2.311497771972e-03
2.334891614760e-03
2.375939284948e-03
2.404042839224e-03
2.416497601382e-03
2.408484834835e-03
2.399622159843e-03
2.391215920387e-03
2.385192130832e-03
2.387212277882e-03
2.380130568978e-03
2.372697686457e-03
2.365585688814e-03
2.358786486094e-03
2.354185061497e-03
2.357565574743e-03
2.351724409340e-03
2.345400918702e-03
2.339310865700e-03
2.333445094031e-03
2.327778967945e-03
2.322302062927e-03
2.316996333944e-03
2.311853603933e-03
2.306859612039e-03
2.301996748372e-03
2.297264387576e-03
2.292646467179e-03
2.288136453676e-03
2.283725188917e-03
2.279403901185e-03
2.275163404679e-03
2.270994628551e-03
2.266894162045e-03
2.262855956528e-03
2.259368577839e-03
2.254935605468e-03
2.251051445026e-03
2.247209579954e-03
2.243405584006e-03
2.239643206609e-03
2.235915690776e-03
2.232219779302e-03
2.228554813011e-03
2.224918865616e-03
2.221309798627e-03
2.217724680510e-03
2.214159647641e-03
2.210613063219e-03
2.207082414661e-03
2.203565179556e-03
2.200061567376e-03
2.196571056039e-03
2.193091287419e-03
2.189621208565e-03
2.186159939711e-03
2.182704251665e-03
2.179252993406e-03
2.175805586639e-03
2.172360926413e-03
2.168917980750e-03
2.165477257137e-03
2.162037779670e-03
2.158598954144e-03
2.155160454807e-03
2.151722071679e-03
2.148280579980e-03
2.144836858834e-03
2.141390377918e-03
2.137940640228e-03
2.134487196064e-03
2.131029705459e-03
2.127567768253e-03
2.124101063638e-03
2.120629312220e-03
2.117152072235e-03
2.113668332964e-03
2.110178144060e-03
2.106681159954e-03
2.103177050908e-03
2.099665594472e-03
2.096146683638e-03
2.092619993232e-03
2.089085323800e-03
2.085542499010e-03
2.081991201919e-03
2.078431116076e-03
2.074862167145e-03
2.071284184258e-03
2.067697010324e-03
2.064100599515e-03
2.060494877576e-03
2.056879725321e-03
2.053255080926e-03
2.049620900602e-03
2.045977020123e-03
2.042323406108e-03
2.038660058305e-03
2.034986958943e-03
2.031304103465e-03
2.027611369300e-03
2.023908789934e-03
2.020196379790e-03
2.016474150810e-03
2.012742122955e-03
2.009000155292e-03
2.005248335756e-03
2.001486676898e-03
1.997715196510e-03
1.993933936094e-03
1.990143082552e-03
1.986342627161e-03
1.982532647831e-03
1.978713232087e-03
1.974884441794e-03
1.971046253692e-03
1.967198816547e-03
1.963342218545e-03
1.959476553321e-03
1.955601919961e-03
1.951718423003e-03
1.947826172433e-03
1.943925283691e-03
1.940015877665e-03
1.936097930713e-03
1.932171485355e-03
1.928236763428e-03
1.924293878667e-03
1.920342948028e-03
1.916384091687e-03
1.912417433039e-03
1.908443098704e-03
1.904461218517e-03
1.900471925538e-03
1.896475805721e-03
1.892472882226e-03
1.888463226696e-03
1.884447025926e-03
1.880424472539e-03
1.876395764987e-03
1.872361107546e-03
1.868320710321e-03
1.864274789245e-03
1.860223520244e-03
1.856165118776e-03
1.852101104540e-03
1.848031595448e-03
1.843956707721e-03
1.839876555894e-03
1.835791252814e-03
1.831700909641e-03
1.827605635846e-03
1.823505539215e-03
1.819401258239e-03
1.815294208652e-03
1.811183481907e-03
1.807069306999e-03
1.802951919034e-03
1.798831559234e-03
1.794708474937e-03
1.790582919596e-03
1.786455152777e-03
1.782325440165e-03
1.778192516987e-03
1.774056011250e-03
1.769917144279e-03
1.765776018389e-03
1.761632730731e-03
1.757487373291e-03
1.753340032894e-03
1.749190791199e-03
1.745039724700e-03
1.740886904730e-03
1.736734252236e-03
1.732581389272e-03
1.728428177933e-03
1.724274905627e-03
1.720121879297e-03
1.715969426528e-03
1.711817896654e-03
1.707667661871e-03
1.703519118340e-03
1.699372536038e-03
1.695224060996e-03
1.691076665937e-03
1.686930450418e-03
1.682785499523e-03
1.678641882929e-03
1.674499653976e-03
1.670358848726e-03
1.666219485036e-03
1.662081561619e-03
1.657946308706e-03
1.653816670347e-03
1.649690569789e-03
1.645568369216e-03
1.641450455244e-03
1.637337240199e-03
1.633229163398e-03
1.629126692430e-03
1.625030324434e-03
1.620940587381e-03
1.616851959777e-03
1.612762307257e-03
1.608675285625e-03
1.604590416532e-03
1.600507138022e-03
1.596424800331e-03
1.592342661682e-03
1.588259884086e-03
1.584175529135e-03
1.580088553803e-03
1.576023202240e-03
1.571971478679e-03
1.567929762610e-03
1.563899728791e-03
1.559883257657e-03
1.555882445976e-03
1.551899617512e-03
1.547937333680e-03
1.543998404203e-03
1.540082252338e-03
1.536117446997e-03
1.532151276450e-03
1.528180485893e-03
1.524201341985e-03
1.520209607305e-03
1.516200514802e-03
1.512168742251e-03
1.508108386706e-03
1.504012938953e-03
1.499920013672e-03
1.495919837065e-03
1.491936985025e-03
1.487977561486e-03
1.484048576813e-03
1.480157997507e-03
1.476314795895e-03
1.472528999831e-03
1.468811742395e-03
1.465175311587e-03
1.461492928375e-03
1.457724544509e-03
1.453951384929e-03
1.450164866864e-03
1.446355280034e-03
1.442557391308e-03
1.439757338532e-03
1.446249715316e-03
1.453141782172e-03
1.451198768822e-03
1.455676501743e-03
1.452397967364e-03
1.450074793618e-03
1.478043440189e-03
1.527202477913e-03
1.557113519499e-03
1.570812675953e-03
1.563401680938e-03
1.552657229218e-03
1.542430887381e-03
1.532720817261e-03
1.523488034100e-03
1.514670849083e-03
1.506261197894e-03
1.498202625367e-03
1.490508786928e-03
1.483105093330e-03
1.476011196244e-03
1.469161744587e-03
1.462575506224e-03
1.456213321749e-03
1.450065109848e-03
1.444114355219e-03
1.438344104147e-03
1.432741206408e-03
1.427287730162e-03
1.421967372126e-03
1.416764512959e-03
1.411693182345e-03
1.406727056653e-03
1.401854027687e-03
1.397063543658e-03
1.392379906881e-03
1.387778957418e-03
1.383253738572e-03
1.378798711223e-03
1.374428957910e-03
1.370130213445e-03
1.365898714907e-03
1.361731186551e-03
1.357630022869e-03
1.353590813093e-03
1.349611878509e-03
1.345691117988e-03
1.341820496241e-03
1.337999851892e-03
1.334226216494e-03
1.330496732913e-03
1.326809566565e-03
1.323161515902e-03
1.319549884383e-03
1.315972585475e-03
1.312430931095e-03
1.308921923821e-03
1.305444378811e-03
1.301997931256e-03
1.298585301278e-03
1.295205635232e-03
1.291859873985e-03
1.288547339499e-03
1.285259964395e-03
1.282000546169e-03
1.278767788444e-03
1.275561399178e-03
1.272385103929e-03
1.269238005714e-03
1.266121612538e-03
1.263034130263e-03
1.259962048828e-03
1.256906566767e-03
1.253861842149e-03
1.250830602849e-03
1.247840872332e-03
1.244887994344e-03
1.241983321083e-03
1.239117094350e-03
1.236227275548e-03
1.233322228635e-03
1.230375428757e-03
1.227414037593e-03
1.224575737746e-03
1.221844354323e-03
1.219282509906e-03
1.216812710475e-03
1.214117348862e-03
1.211228734023e-03
1.207995078222e-03
1.204619889404e-03
1.201724140030e-03
1.199078560421e-03
1.196821847943e-03
1.194692240690e-03
1.192087718715e-03
1.189203427572e-03
1.185869236718e-03
1.182458240307e-03
1.179695385027e-03
1.177355479415e-03
1.175660821196e-03
1.174205832582e-03
1.172293913101e-03
1.170204916375e-03
1.167752251718e-03
1.165209549866e-03
1.162982952430e-03
1.160831898219e-03
1.158822101795e-03
1.156657255446e-03
1.153982259264e-03
1.150863942767e-03
1.147147939804e-03
1.143633737779e-03
1.140941313604e-03
1.138699737073e-03
1.137038970450e-03
1.135415221459e-03
1.133515885723e-03
1.131614863771e-03
1.129667469642e-03
1.127606609082e-03
1.125375107223e-03
1.122932294986e-03
1.120227965404e-03
1.117606340602e-03
1.115200862849e-03
1.112903159032e-03
1.110755552775e-03
1.108582149128e-03
1.106342175317e-03
1.104103698902e-03
1.101860221379e-03
1.099714159595e-03
1.097691921942e-03
1.095777150954e-03
1.093986622233e-03
1.092013759717e-03
1.089801301262e-03
1.087387005623e-03
1.084721560462e-03
1.082288789193e-03
1.080125076481e-03
1.078159301147e-03
1.076446505403e-03
1.074520042904e-03
1.072384373622e-03
1.070104138958e-03
1.067636468737e-03
1.065581737959e-03
1.063921002009e-03
1.062613170939e-03
1.061731265252e-03
1.060307293347e-03
1.058433974699e-03
1.056160678043e-03
1.053380190174e-03
1.050891727728e-03
1.048523064921e-03
1.046204664685e-03
1.043980272424e-03
1.042465570007e-03
1.040560146499e-03
1.039128331326e-03
1.047925664650e-03
1.083887944681e-03
1.091119554622e-03
1.097652263969e-03
1.140753517301e-03
1.156118398845e-03
1.151210000117e-03
1.143761697893e-03
1.136720856001e-03
1.130080427343e-03
1.125644328993e-03
1.160802042000e-03
1.274239342351e-03
1.441414948788e-03
1.516781777578e-03
1.606550476159e-03
1.708338215856e-03
1.759521829455e-03
1.778317849340e-03
1.772904216522e-03
1.745417757748e-03
1.714459202736e-03
1.685690755522e-03
1.658946893759e-03
1.634076974954e-03
1.610921885291e-03
1.589347729246e-03
1.569222313728e-03
1.550419779014e-03
1.532818174866e-03
1.516325689960e-03
1.500836198756e-03
1.486281057676e-03
1.472573454005e-03
1.459656850370e-03
1.447462335784e-03
1.435941186691e-03
1.425038818338e-03
1.414712246653e-03
1.404915470248e-03
1.395612653601e-03
1.386768062907e-03
1.378351730969e-03
1.370332530138e-03
1.363583603733e-03
1.355378874680e-03
1.348398189313e-03
1.341721839112e-03
1.335332920871e-03
1.329217237314e-03
1.323355061664e-03
1.317727197324e-03
1.312324069237e-03
1.307134049255e-03
1.302142573885e-03
1.297339008246e-03
1.292714861568e-03
1.288261921505e-03
1.283966776090e-03
1.279823423627e-03
1.275825042940e-03
1.271964942823e-03
1.268232241514e-03
1.264970016581e-03
1.270788432107e-03
1.287432035936e-03
1.289125011909e-03
1.284355465141e-03
1.279795175459e-03
1.275446077534e-03
1.271292337597e-03
1.267322527307e-03
1.263526399839e-03
1.259890731777e-03
1.256408630654e-03
1.253069661321e-03
1.249864609560e-03
1.246786661805e-03
1.243827821958e-03
1.240979863866e-03
1.238234832307e-03
1.235586139600e-03
1.233029322850e-03
1.230556169271e-03
1.228163143303e-03
1.225847494607e-03
1.223602445592e-03
1.221426505711e-03
1.219316573811e-03
1.217267959875e-03
1.215279135773e-03
1.213347364696e-03
1.211470145015e-03
1.209642801808e-03
1.207863051171e-03
1.206127902882e-03
1.204434372609e-03
1.202779481917e-03
1.201162052311e-03
1.199583197080e-03
1.198039198692e-03
1.196528656064e-03
1.195050362389e-03
1.193602413775e-03
1.192180617579e-03
1.190785295280e-03
1.189415091630e-03
1.188068744326e-03
1.186744992466e-03
1.185442060320e-03
1.184159178916e-03
1.182895299127e-03
1.181649447990e-03
1.180420688469e-03
1.179206949836e-03
1.178007872133e-03
1.176822530736e-03
1.175650049335e-03
1.174489599936e-03
1.173339959688e-03
1.172200490718e-03
1.171070437307e-03
1.169949059934e-03
1.168835657013e-03
1.167729289397e-03
1.166629335100e-03
1.165535179026e-03
1.164446196024e-03
1.163361791339e-03
1.162281288740e-03
1.161204110111e-03
1.160129730176e-03
1.159057614737e-03
1.157987248861e-03
1.156918136019e-03
1.155849797227e-03
1.154781770188e-03
1.153713608425e-03
1.152644880427e-03
1.151575118918e-03
1.150503881929e-03
1.149430801639e-03
1.148355482044e-03
1.147277535658e-03
1.146196582523e-03
1.145112249225e-03
1.144024167901e-03
1.142931975255e-03
1.141835311570e-03
1.140733996143e-03
1.139628102701e-03
1.138767820234e-03
1.137650971952e-03
1.136278017348e-03
1.135149591678e-03
1.134014851583e-03
1.132873535546e-03
1.131725386561e-03
1.131068295432e-03
1.129407656084e-03
1.128238686149e-03
1.127062374281e-03
1.125878575611e-03
1.124687156950e-03
1.123487996709e-03
1.122280984819e-03
1.121066022651e-03
1.119843022940e-03
1.118611909703e-03
1.117372618160e-03
1.116124553748e-03
1.114867889778e-03
1.113847946797e-03
1.112328645594e-03
1.111045915820e-03
1.109754356177e-03
1.108453903839e-03
1.107144500188e-03
1.105826090485e-03
1.104498623557e-03
1.103162750473e-03
1.101818473563e-03
1.100465532984e-03
1.099103987871e-03
1.097733909321e-03
1.096355380508e-03
1.094968496791e-03
1.093573365829e-03
1.092170107696e-03
1.090758854987e-03
1.089337431193e-03
1.087903693842e-03
1.087417223348e-03
1.086200620049e-03
1.083778982373e-03
1.082063870094e-03
1.080575808411e-03
1.079075602673e-03
1.077562722599e-03
1.076036589128e-03
1.074500588878e-03
1.072968865126e-03
1.071430809249e-03
1.069887369888e-03
1.068339616355e-03
1.066788744454e-03
1.065236082306e-03
1.063683096170e-03
1.062131396265e-03
1.060582742595e-03
1.059038322524e-03
1.057385438410e-03
1.055694452269e-03
1.053982851246e-03
1.052290001882e-03
1.050841902250e-03
1.049189032346e-03
1.047348777654e-03
1.045765724622e-03
1.044134899588e-03
1.042947979242e-03
1.040810824628e-03
1.039080874504e-03
1.037304738112e-03
1.035594377454e-03
1.033878538936e-03
1.032154465694e-03
1.030421585106e-03
1.028910100477e-03
1.026938756056e-03
1.025187456678e-03
1.023429558585e-03
1.021664989273e-03
1.019894495947e-03
1.018118313263e-03
1.016336556889e-03
1.014549578576e-03
1.012757798392e-03
1.010961163435e-03
1.009158847754e-03
1.007351297010e-03
1.005538471734e-03
1.003720381170e-03
1.002559691382e-03
1.000510581281e-03
9.982378830027e-04
9.964016373537e-04
9.945615241064e-04
9.927166515171e-04
9.908673596282e-04
9.890138026104e-04
9.871559797793e-04
9.852938710394e-04
9.834279443007e-04
9.815588683730e-04
9.796863690696e-04
9.778106266071e-04
9.759318313806e-04
9.740501737306e-04
9.721653743683e-04
9.702778243579e-04
9.683876659430e-04
9.664950423400e-04
9.646000977388e-04
9.627028900799e-04
9.608035181474e-04
9.589021416790e-04
9.569988785815e-04
9.550938447871e-04
9.531871566701e-04
9.512789393110e-04
9.493692982369e-04
9.474583443781e-04
9.455461869857e-04
9.436329336308e-04
9.417187283929e-04
9.398036828551e-04
9.378879061593e-04
9.359715160774e-04
9.340546316262e-04
9.321373732828e-04
9.302198631991e-04
9.283022254173e-04
9.263845860841e-04
9.244670736660e-04
9.225498191641e-04
9.206327034757e-04
9.187159744772e-04
9.167997526042e-04
9.148841448933e-04
9.129692574409e-04
9.110551953673e-04
9.091420627803e-04
9.072299627387e-04
9.053189972161e-04
9.034092670648e-04
9.015008805195e-04
8.995940183048e-04
8.976887273983e-04
8.957851121333e-04
8.938832764709e-04
8.919833240098e-04
8.900853579948e-04
8.881894813262e-04
8.862957965688e-04
8.844044059608e-04
8.825154114233e-04
8.806288696929e-04
8.787447640781e-04
8.768632806534e-04
8.749845055162e-04
8.731085230107e-04
8.712354156720e-04
8.693652641706e-04
8.674981472567e-04
8.656341417041e-04
8.637733222549e-04
8.619157945606e-04
8.600616469419e-04
8.582109284522e-04
8.563637111065e-04
8.545200652073e-04
8.526800593143e-04
8.508437602146e-04
8.490112328923e-04
8.471825404988e-04
8.453577443220e-04
8.435369585143e-04
8.417202290849e-04
8.399076045052e-04
8.380991452074e-04
8.362949444017e-04
8.344950644971e-04
8.326995658658e-04
8.309085152248e-04
8.291219795500e-04
8.273400261644e-04
8.257445997007e-04
8.237901378167e-04
8.220222354848e-04
8.202591014650e-04
8.190417644877e-04
8.167473825975e-04
8.149988905012e-04
8.132553679403e-04
8.115168553603e-04
8.097833906606e-04
8.080550620713e-04
8.063318882225e-04
8.046139019204e-04
8.029011401882e-04
8.011936383787e-04
7.994914301560e-04
7.977945474753e-04
7.961030205645e-04
7.944169075756e-04
7.927362249949e-04
7.910610001545e-04
7.893912613251e-04
7.877270356124e-04
7.860683489747e-04
7.844152262403e-04
7.827676911246e-04
7.811257764093e-04
7.794894993967e-04
7.778588816185e-04
7.762339441054e-04
7.746147070585e-04
7.730011898768e-04
7.713934111857e-04
7.697913888636e-04
7.681951167855e-04
7.666046224539e-04
7.650199186308e-04
7.634410170069e-04
7.618679282371e-04
7.603006619460e-04
7.587392267330e-04
7.571836297696e-04
7.558003362175e-04
7.547544680676e-04
7.530492464818e-04
7.515160079924e-04
7.499886220036e-04
7.479727378507e-04
7.464580540415e-04
7.449492131671e-04
7.434462205730e-04
7.419490654955e-04
7.404577421924e-04
7.389722438259e-04
7.374925624664e-04
7.360186890952e-04
7.345506136077e-04
7.330883253999e-04
7.316318173012e-04
7.301810739509e-04
7.287360874037e-04
7.272968441780e-04
7.258633316766e-04
7.244355360447e-04
7.230134360177e-04
7.223918797261e-04
7.203449230215e-04
7.187811489143e-04
7.173816595061e-04
7.159877712204e-04
7.145994609641e-04
