7.931034186745e+02
8.523595828927e+02
9.358308207098e+02
9.750623822540e+02
9.575316454545e+02
9.216030677446e+02
8.757535251755e+02
7.721309793001e+02
7.122405724888e+02
7.091383193666e+02
7.016617043372e+02
6.786715931886e+02
5.701030601052e+02
5.012515103919e+02
5.032006502430e+02
4.680141174222e+02
4.834500184526e+02
5.263182377651e+02
5.063815710233e+02
4.368869920952e+02
4.035500391964e+02
3.799019582648e+02
3.154521402783e+02
2.878248883203e+02
2.851570744394e+02
2.827196154420e+02
2.733547048714e+02
2.412249800822e+02
2.220399812292e+02
2.334802243098e+02
2.293363313191e+02
2.166213319156e+02
2.299404022953e+02
2.414688676830e+02
2.416671373878e+02
2.320904019059e+02
2.539400670523e+02
2.546835957556e+02
2.555146663865e+02
2.499843575775e+02
2.100432552596e+02
2.200799170618e+02
2.438077196803e+02
2.194262960313e+02
1.697985266684e+02
1.463300932265e+02
1.106929854837e+02
9.756823446030e+01
9.348479446082e+01
5.654398775847e+01
3.137883774440e+01
1.990800629809e+01
2.829733065749e+01
4.622193548681e+01
