1.425000000000e+03
1.345000000000e+03
1.500000000000e+03
1.600000000000e+03
1.625000000000e+03
1.560000000000e+03
1.510000000000e+03
1.380000000000e+03
1.215000000000e+03
1.185000000000e+03
1.175000000000e+03
1.160000000000e+03
1.060000000000e+03
8.600000000000e+02
8.450000000000e+02
8.100000000000e+02
7.750000000000e+02
8.500000000000e+02
8.750000000000e+02
7.900000000000e+02
6.850000000000e+02
6.650000000000e+02
5.800000000000e+02
4.900000000000e+02
4.800000000000e+02
4.700000000000e+02
4.700000000000e+02
4.300000000000e+02
3.800000000000e+02
3.750000000000e+02
3.950000000000e+02
3.650000000000e+02
3.700000000000e+02
3.950000000000e+02
4.050000000000e+02
3.950000000000e+02
3.950000000000e+02
4.400000000000e+02
4.100000000000e+02
4.400000000000e+02
3.750000000000e+02
3.500000000000e+02
3.900000000000e+02
4.000000000000e+02
3.200000000000e+02
2.600000000000e+02
2.200000000000e+02
1.600000000000e+02
1.700000000000e+02
1.250000000000e+02
7.000000000000e+01
4.000000000000e+01
3.500000000000e+01
6.500000000000e+01
6.500000000000e+01
