1.321839031124e+03
1.420599304821e+03
1.559718034516e+03
1.625103970423e+03
1.595886075757e+03
1.536005112908e+03
1.459589208626e+03
1.286884965500e+03
1.187067620815e+03
1.181897198944e+03
1.169436173895e+03
1.131119321981e+03
9.501717668421e+02
8.354191839865e+02
8.386677504051e+02
7.800235290370e+02
8.057500307543e+02
8.771970629418e+02
8.439692850389e+02
7.281449868254e+02
6.725833986607e+02
6.331699304413e+02
5.257535671306e+02
4.797081472005e+02
4.752617907323e+02
4.711993590700e+02
4.555911747856e+02
4.020416334703e+02
3.700666353819e+02
3.891337071830e+02
3.822272188651e+02
3.610355531926e+02
3.832340038255e+02
4.024481128050e+02
4.027785623129e+02
3.868173365099e+02
4.232334450871e+02
4.244726595926e+02
4.258577773108e+02
4.166405959625e+02
3.500720920993e+02
3.667998617697e+02
4.063461994672e+02
3.657104933856e+02
2.829975444474e+02
2.438834887109e+02
1.844883091395e+02
1.626137241005e+02
1.558079907680e+02
9.423997959746e+01
5.229806290734e+01
3.318001049681e+01
4.716221776248e+01
7.703655914469e+01
