8.159139653988e+00
8.189899069260e+00
1.641126088732e+01
2.463402909782e+01
3.285820330041e+01
4.108378313427e+01
4.931076786032e+01
5.753915697464e+01
6.576895047726e+01
7.400014836811e+01
8.223274970904e+01
9.046675302529e+01
9.870215778038e+01
1.069389639743e+02
1.151771716071e+02
1.234167806787e+02
1.316577911892e+02
1.399002031385e+02
1.481440165267e+02
1.563892309535e+02
1.646358449499e+02
1.728838574470e+02
1.811332684448e+02
1.893840779433e+02
1.976362859424e+02
2.058898924423e+02
2.141448974428e+02
2.224013009440e+02
2.306591029459e+02
2.389183021233e+02
2.471788970171e+02
2.554408874946e+02
2.637042735553e+02
2.719690551993e+02
2.802352324270e+02
2.885028052378e+02
2.967717736323e+02
3.050421376099e+02
3.133138969422e+02
3.215870511427e+02
3.298615998700e+02
3.381375429547e+02
3.464148802266e+02
3.546936114697e+02
3.629737364418e+02
3.712552548944e+02
3.795381665179e+02
3.878224709923e+02
3.961081680176e+02
4.043952572932e+02
4.126600761734e+02
4.208696021116e+02
4.290337167172e+02
4.371754737852e+02
4.452997865590e+02
4.534083046035e+02
4.615028027093e+02
4.695847215016e+02
4.776545486401e+02
4.857129856280e+02
4.937607158608e+02
5.017981247749e+02
5.098255645561e+02
5.178435310733e+02
5.258523895453e+02
5.338523301379e+02
5.418436250808e+02
5.498265768423e+02
5.578014471350e+02
5.657684925340e+02
5.737278884340e+02
5.816797782494e+02
5.896243380129e+02
5.975617446453e+02
6.054921849538e+02
6.134158469210e+02
6.213329128931e+02
6.292435611535e+02
6.371479390622e+02
6.450461037922e+02
6.529381115128e+02
6.608240787653e+02
6.687041260092e+02
6.765783740512e+02
6.844469435842e+02
6.923099548448e+02
7.001675276144e+02
7.080197559906e+02
7.158667056108e+02
7.237084566826e+02
7.315451067565e+02
7.393767155102e+02
7.472033245128e+02
7.550250051336e+02
7.628418387822e+02
7.706539027588e+02
7.784612599063e+02
7.862639726887e+02
7.940621135399e+02
8.018557544552e+02
8.096449669925e+02
8.174298244379e+02
