1.484262365347e+01
1.484262365346e+01
2.968524730693e+01
4.452787096038e+01
5.937049461387e+01
7.421311826732e+01
8.905574192077e+01
1.038983655743e+02
1.187409892277e+02
1.335836128812e+02
1.484262365347e+02
1.632688601881e+02
1.781114838416e+02
1.929541074950e+02
2.077967311485e+02
2.226393548020e+02
2.374819784554e+02
2.523246021089e+02
2.671672257624e+02
2.820098494158e+02
2.968524730693e+02
3.116950967228e+02
3.265377203762e+02
3.413803440297e+02
3.562229676832e+02
3.710655913366e+02
3.859082149901e+02
4.007508386436e+02
4.155934622972e+02
4.304360859505e+02
4.452787096042e+02
4.601213332574e+02
4.749639569107e+02
4.898065805644e+02
5.046492042177e+02
5.194918278714e+02
5.343344515247e+02
5.491770751784e+02
5.640196988317e+02
5.788623224850e+02
5.937049461387e+02
6.085475697920e+02
6.233901934457e+02
6.382328170989e+02
6.530754407526e+02
6.679180644059e+02
6.827606880592e+02
6.976033117129e+02
7.124459353662e+02
7.272885590199e+02
7.354520020292e+02
7.369362643946e+02
7.384205267599e+02
7.399047891253e+02
7.413890514906e+02
7.428733138559e+02
7.443575762213e+02
7.458418385866e+02
7.473261009520e+02
7.488103633173e+02
7.502946256827e+02
7.517788880480e+02
7.532631504133e+02
7.547474127787e+02
7.562316751440e+02
7.577159375094e+02
7.592001998747e+02
7.606844622401e+02
7.621687246054e+02
7.636529869708e+02
7.651372493361e+02
7.666215117015e+02
7.681057740668e+02
7.695900364322e+02
7.710742987975e+02
7.725585611629e+02
7.740428235282e+02
7.755270858936e+02
7.770113482589e+02
7.784956106243e+02
7.799798729896e+02
7.814641353550e+02
7.829483977203e+02
7.844326600857e+02
7.859169224510e+02
7.874011848163e+02
7.888854471817e+02
7.903697095470e+02
7.918539719124e+02
7.933382342777e+02
7.948224966431e+02
7.963067590084e+02
7.977910213738e+02
7.992752837391e+02
8.007595461044e+02
8.022438084698e+02
8.037280708351e+02
8.052123332005e+02
8.066965955658e+02
8.081808579312e+02
8.096651202965e+02
8.096651202965e+02
