-5.811279692034e-01
-4.373949998157e-01
-4.358419311443e-01
-4.352941650947e-01
-4.349908738807e-01
-4.347892181950e-01
-4.346463438930e-01
-4.345242724955e-01
-4.344152035995e-01
-4.343148038493e-01
-4.342371478211e-01
-4.341695577346e-01
-4.341015808138e-01
-4.340333073080e-01
-4.339648014950e-01
-4.338961107675e-01
-4.338272704751e-01
-4.337583077825e-01
-4.336892437096e-01
-4.336238427700e-01
-4.335675088554e-01
-4.335098996786e-01
-4.334511896835e-01
-4.333915229746e-01
-4.333310196097e-01
-4.332697804524e-01
-4.332078908651e-01
-4.331454235772e-01
-4.330824408794e-01
-4.330271657192e-01
-4.329717331585e-01
-4.329153908989e-01
-4.328582246132e-01
-4.328003095490e-01
-4.327417121145e-01
-4.326824911371e-01
-4.326226988888e-01
-4.325623820335e-01
-4.325026798437e-01
-4.324436764684e-01
-4.323845377158e-01
-4.323252741303e-01
-4.322658952719e-01
-4.322065618798e-01
-4.321472045065e-01
-4.320879529771e-01
-4.320289350595e-01
-4.319700531445e-01
-4.319112995109e-01
-4.318526670488e-01
-4.240366108602e-01
-4.117118469356e-01
-4.002409501832e-01
-3.889564447288e-01
-3.778494467867e-01
-3.669151594963e-01
-3.561395470723e-01
-3.455249438205e-01
-3.350667241041e-01
-3.247572943029e-01
-3.145944362321e-01
-3.045762784607e-01
-2.946972163213e-01
-2.849527760439e-01
-2.753429670481e-01
-2.658641985083e-01
-2.565116983373e-01
-2.472836790827e-01
-2.381773053016e-01
-2.291898913915e-01
-2.203192325678e-01
-2.115627738928e-01
-2.029177546682e-01
-1.943820237030e-01
-1.859533400734e-01
-1.776294768104e-01
-1.694083299178e-01
-1.612877826455e-01
-1.532660284649e-01
-1.453416853075e-01
-1.375125631924e-01
-1.297768205102e-01
-1.221326690633e-01
-1.145783651058e-01
-1.071122117359e-01
-9.973255317119e-02
-9.243777358037e-02
-8.522654020803e-02
-7.809740257573e-02
-7.104875523824e-02
-6.407915190195e-02
-5.718772863351e-02
-5.037290270945e-02
-4.363321223538e-02
-3.696735241555e-02
-3.037409046268e-02
-2.385230681679e-02
-1.740069561090e-02
-1.101807230536e-02
-4.703278512187e-03
1.544818731935e-03
9.558804737171e-03
