2.289091958480e-03
2.306351408160e-03
2.306746056417e-03
2.307140550589e-03
2.307534974201e-03
2.307929265902e-03
2.308323274832e-03
2.308717283763e-03
2.309111292694e-03
2.309505301625e-03
2.309898784112e-03
2.310291965565e-03
2.310685147018e-03
2.311078328471e-03
2.311471509924e-03
2.311864691377e-03
2.312257872831e-03
2.312651054285e-03
2.313044235739e-03
2.313437192645e-03
2.313829549783e-03
2.314221906920e-03
2.314614264058e-03
2.315006621196e-03
2.315398978332e-03
2.315791335470e-03
2.316183692608e-03
2.316576049746e-03
2.316968406882e-03
2.317360020359e-03
2.317751559033e-03
2.318143097707e-03
2.318534636381e-03
2.318926175056e-03
2.319317713730e-03
2.319709252404e-03
2.320100791079e-03
2.320492329754e-03
2.320883739931e-03
2.321275005976e-03
2.321666224415e-03
2.322057395247e-03
2.322448518472e-03
2.322839567907e-03
2.323230555378e-03
2.323621465133e-03
2.324012279264e-03
2.324403009194e-03
2.324793654920e-03
2.325184216446e-03
2.312297488504e-03
2.294158732423e-03
2.286816685067e-03
2.281613669795e-03
2.277028497671e-03
2.272751071792e-03
2.269161754335e-03
2.265692679026e-03
2.262376993213e-03
2.259301538775e-03
2.256369314139e-03
2.253510132043e-03
2.250775523033e-03
2.248194578310e-03
2.245664897595e-03
2.243190657211e-03
2.240813727326e-03
2.238509205593e-03
2.236279125202e-03
2.234118570994e-03
2.231986906233e-03
2.229906823501e-03
2.227873932690e-03
2.225893122135e-03
2.223965051022e-03
2.222089719353e-03
2.220263965044e-03
2.218488669907e-03
2.216745601142e-03
2.215002386305e-03
2.213290834645e-03
2.211613012634e-03
2.209969051938e-03
2.208359016114e-03
2.206782777341e-03
2.205240207797e-03
2.203731179660e-03
2.202241409110e-03
2.200769211203e-03
2.199324445681e-03
2.197906984722e-03
2.196495704758e-03
2.195101569013e-03
2.193730334783e-03
2.192381879207e-03
2.191054018836e-03
2.189740824954e-03
2.188448014118e-03
2.187175463468e-03
2.185923050146e-03
2.184690651289e-03
2.183479359763e-03
