0.000000000000e+00
3.564356435644e+03
7.128712871287e+03
1.069306930693e+04
1.425742574257e+04
1.782178217822e+04
2.138613861386e+04
2.495049504950e+04
2.851485148515e+04
3.207920792079e+04
3.564356435644e+04
3.920792079208e+04
4.277227722772e+04
4.633663366337e+04
4.990099009901e+04
5.346534653465e+04
5.702970297030e+04
6.059405940594e+04
6.415841584158e+04
6.772277227723e+04
7.128712871287e+04
7.485148514851e+04
7.841584158416e+04
8.198019801980e+04
8.554455445545e+04
8.910891089109e+04
9.267326732673e+04
9.623762376238e+04
9.980198019802e+04
1.033663366337e+05
1.069306930693e+05
1.104950495050e+05
1.140594059406e+05
1.176237623762e+05
1.211881188119e+05
1.247524752475e+05
1.283168316832e+05
1.318811881188e+05
1.354455445545e+05
1.390099009901e+05
1.425742574257e+05
1.461386138614e+05
1.497029702970e+05
1.532673267327e+05
1.568316831683e+05
1.603960396040e+05
1.639603960396e+05
1.675247524752e+05
1.710891089109e+05
1.746534653465e+05
1.782178217822e+05
1.817821782178e+05
1.853465346535e+05
1.889108910891e+05
1.924752475248e+05
1.960396039604e+05
1.996039603960e+05
2.031683168317e+05
2.067326732673e+05
2.102970297030e+05
2.138613861386e+05
2.174257425743e+05
2.209900990099e+05
2.245544554455e+05
2.281188118812e+05
2.316831683168e+05
2.352475247525e+05
2.388118811881e+05
2.423762376238e+05
2.459405940594e+05
2.495049504950e+05
2.530693069307e+05
2.566336633663e+05
2.601980198020e+05
2.637623762376e+05
2.673267326733e+05
2.708910891089e+05
2.744554455446e+05
2.780198019802e+05
2.815841584158e+05
2.851485148515e+05
2.887128712871e+05
2.922772277228e+05
2.958415841584e+05
2.994059405941e+05
3.029702970297e+05
3.065346534653e+05
3.100990099010e+05
3.136633663366e+05
3.172277227723e+05
3.207920792079e+05
3.243564356436e+05
3.279207920792e+05
3.314851485149e+05
3.350495049505e+05
3.386138613861e+05
3.421782178218e+05
3.457425742574e+05
3.493069306931e+05
3.528712871287e+05
3.564356435644e+05
3.600000000000e+05
