1.479117698514e+01
1.481814278612e+01
2.966325140497e+01
4.450836008717e+01
5.935346883259e+01
7.419857764103e+01
8.904368651215e+01
1.038887954460e+02
1.187339044425e+02
1.335790135013e+02
1.484241226219e+02
1.632692318041e+02
1.781143410480e+02
1.929594503535e+02
2.078045597207e+02
2.226496691495e+02
2.374947786400e+02
2.523398881916e+02
2.671849978033e+02
2.820301074747e+02
2.968752172057e+02
3.117203269964e+02
3.265654368468e+02
3.414105467567e+02
3.562556567264e+02
3.711007667556e+02
3.859458768445e+02
4.007909869932e+02
4.156360972014e+02
4.304812074694e+02
4.453263177968e+02
4.601714281842e+02
4.750165386308e+02
4.898616491371e+02
5.047067597029e+02
5.195518703269e+02
5.343969810101e+02
5.492420917515e+02
5.640872025519e+02
5.789323134106e+02
5.937774243280e+02
6.086225353045e+02
6.234676463390e+02
6.383127574321e+02
6.531578685830e+02
6.680029797925e+02
6.828480910597e+02
6.976932023848e+02
7.125383137683e+02
7.273834252091e+02
7.422155402114e+02
7.570182174690e+02
7.718004036870e+02
7.865750277859e+02
8.013429956919e+02
8.161049939114e+02
8.308615865979e+02
8.456132114719e+02
8.603602464261e+02
8.751029898427e+02
8.898417022015e+02
9.045766015071e+02
9.193078385186e+02
9.340355658270e+02
9.487598958599e+02
9.634809280156e+02
9.781987610810e+02
9.929134753909e+02
1.007625145382e+03
1.022333834683e+03
1.037039596873e+03
1.051742480456e+03
1.066442526201e+03
1.081139762907e+03
1.095834210041e+03
1.110525887751e+03
1.125214840204e+03
1.139901114156e+03
1.154584739167e+03
1.169265742580e+03
1.183944149518e+03
1.198619982887e+03
1.213293265698e+03
1.227964022280e+03
1.242632274656e+03
1.257298041625e+03
1.271961340348e+03
1.286622186353e+03
1.301280593531e+03
1.315936579920e+03
1.330590166750e+03
1.345241371504e+03
1.359890209309e+03
1.374536694518e+03
1.389180840706e+03
1.403822660675e+03
1.418462168542e+03
1.433099378622e+03
1.447734303388e+03
1.462366954691e+03
1.476997343843e+03
1.491625481611e+03
