1.483334153466e+01
1.483334153465e+01
2.966668306930e+01
4.450002460394e+01
5.933336613862e+01
7.416670767326e+01
8.900004920790e+01
1.038333907426e+02
1.186667322772e+02
1.335000738119e+02
1.483334153465e+02
1.631667568812e+02
1.780000984159e+02
1.928334399505e+02
2.076667814851e+02
2.225001230198e+02
2.373334645545e+02
2.521668060891e+02
2.670001476238e+02
2.818334891584e+02
2.966668306930e+02
3.115001722277e+02
3.263335137624e+02
3.411668552970e+02
3.560001968317e+02
3.708335383663e+02
3.856668799010e+02
4.005002214356e+02
4.153335629704e+02
4.301669045049e+02
4.450002460398e+02
4.598335875743e+02
4.746669291088e+02
4.895002706436e+02
5.043336121781e+02
5.191669537130e+02
5.340002952475e+02
5.488336367824e+02
5.636669783168e+02
5.785003198513e+02
5.933336613862e+02
6.081670029207e+02
6.230003444556e+02
6.378336859900e+02
6.526670275249e+02
6.675003690594e+02
6.823337105939e+02
6.971670521287e+02
7.120003936632e+02
7.268337351981e+02
7.349920730421e+02
7.364754071956e+02
7.379587413490e+02
7.394420755025e+02
7.409254096559e+02
7.424087438094e+02
7.438920779629e+02
7.453754121163e+02
7.468587462698e+02
7.483420804233e+02
7.498254145767e+02
7.513087487302e+02
7.527920828836e+02
7.542754170371e+02
7.557587511906e+02
7.572420853441e+02
7.587254194975e+02
7.602087536510e+02
7.616920878045e+02
7.631754219579e+02
7.646587561114e+02
7.661420902648e+02
7.676254244183e+02
7.691087585718e+02
7.705920927253e+02
7.720754268787e+02
7.735587610322e+02
7.750420951856e+02
7.765254293391e+02
7.780087634926e+02
7.794920976460e+02
7.809754317995e+02
7.824587659530e+02
7.839421001065e+02
7.854254342599e+02
7.869087684133e+02
7.883921025668e+02
7.898754367203e+02
7.913587708738e+02
7.928421050272e+02
7.943254391807e+02
7.958087733342e+02
7.972921074876e+02
7.987754416411e+02
8.002587757945e+02
8.017421099480e+02
8.032254441015e+02
8.047087782550e+02
8.061921124084e+02
8.076754465619e+02
8.091587807153e+02
8.091587807153e+02
