-2.846598130093e-03
-1.024742269421e-03
-1.152645661858e-04
1.877118493486e-04
3.391666752505e-04
4.300287950484e-04
4.905995895570e-04
5.338628013146e-04
5.663095094010e-04
5.915449903791e-04
6.117331760756e-04
6.282508570159e-04
6.420157286981e-04
6.536630993500e-04
6.636467478369e-04
6.722994410542e-04
6.798707452638e-04
6.865510818277e-04
6.924890076236e-04
6.978020707485e-04
7.025840042638e-04
7.069106873807e-04
7.108442016993e-04
7.144358321016e-04
7.177283172924e-04
7.207575538601e-04
7.235539191086e-04
7.261432880229e-04
7.285478386561e-04
7.307866932636e-04
7.328764180453e-04
7.348314504017e-04
7.366644133166e-04
7.383863905982e-04
7.400070145971e-04
7.415351406304e-04
7.429784798556e-04
7.443439038362e-04
7.456375674783e-04
7.468649885225e-04
7.480311348093e-04
7.491404928508e-04
7.501970501389e-04
7.512045455392e-04
7.521663324415e-04
7.530854605208e-04
7.539646848855e-04
7.548065678886e-04
7.556134433296e-04
7.563874513355e-04
9.308522017826e-03
2.395848757662e-02
3.788663472481e-02
5.155709519613e-02
6.497773982242e-02
7.815613526134e-02
9.109937251207e-02
1.038141201479e-01
1.163067652702e-01
1.285832444935e-01
1.406494690906e-01
1.525108605089e-01
1.641727605598e-01
1.756402800219e-01
1.869182699006e-01
1.980115189972e-01
2.089245594172e-01
2.196618125922e-01
2.302275358544e-01
2.406258397216e-01
2.508606960658e-01
2.609359544880e-01
2.708553260781e-01
2.806224007279e-01
2.902406501930e-01
2.997134616578e-01
3.090441682759e-01
3.182359392069e-01
3.272918626737e-01
3.362149342342e-01
3.450080602082e-01
3.536740609533e-01
3.622156889812e-01
3.706356130952e-01
3.789364108367e-01
3.871205934083e-01
3.951906006730e-01
4.031488036530e-01
4.109975069268e-01
4.187389744798e-01
4.263753891503e-01
4.339088714899e-01
4.413414886241e-01
4.486752521781e-01
4.559121201198e-01
4.630539985324e-01
4.701027567692e-01
4.770601976709e-01
4.839280829618e-01
4.907081293724e-01
4.974020097021e-01
5.057261473791e-01
