4.149746876387e-03
4.164877686937e-03
4.164877704749e-03
4.164877722489e-03
4.164877740225e-03
4.164877757830e-03
4.164877775417e-03
4.164877793005e-03
4.164877810592e-03
4.164877827957e-03
4.164877845254e-03
4.164877862551e-03
4.164877879848e-03
4.164877897146e-03
4.164877914443e-03
4.164877931740e-03
4.164877949037e-03
4.164877966032e-03
4.164877982767e-03
4.164877999503e-03
4.164878016238e-03
4.164878032974e-03
4.164878049709e-03
4.164878066444e-03
4.164878083180e-03
4.164878099915e-03
4.164878116650e-03
4.164878133386e-03
4.164878150121e-03
4.164878166857e-03
4.164878183592e-03
4.164878200327e-03
4.164878217063e-03
4.164878233777e-03
4.164878250236e-03
4.164878266695e-03
4.164878283154e-03
4.164878299613e-03
4.164878316072e-03
4.164878332531e-03
4.164878348990e-03
4.164878365449e-03
4.164878381792e-03
4.164878398114e-03
4.164878414436e-03
4.164878430758e-03
4.164878447030e-03
4.164878463284e-03
4.164878479515e-03
4.164878495722e-03
4.157586033206e-03
4.148360650342e-03
4.146088282984e-03
4.144117461461e-03
4.142353419029e-03
4.140767804210e-03
4.139320314434e-03
4.137980309200e-03
4.136744859653e-03
4.135572279479e-03
4.134482988638e-03
4.133432732731e-03
4.132428034928e-03
4.131463399342e-03
4.130521785620e-03
4.129612924083e-03
4.128726740264e-03
4.127862955928e-03
4.127018539021e-03
4.126190457487e-03
4.125376104863e-03
4.124575238994e-03
4.123783762277e-03
4.122999056192e-03
4.122218502221e-03
4.121445101609e-03
4.120689330705e-03
4.119942164514e-03
4.119202980604e-03
4.118471156541e-03
4.117746069895e-03
4.117027098232e-03
4.116314923453e-03
4.115609602997e-03
4.114909785853e-03
4.114215013153e-03
4.113524826033e-03
4.112838765624e-03
4.112156373061e-03
4.111480434304e-03
4.110809953495e-03
4.110143825258e-03
4.109481832193e-03
4.108823756897e-03
4.108169381969e-03
4.107518490008e-03
4.106872035021e-03
4.106229176618e-03
4.105589719610e-03
4.104953511834e-03
4.104320401129e-03
4.103690235333e-03
