1.157400000000e-08
1.157400000000e-08
1.157400000000e-08
1.157400000000e-08
1.157400000000e-08
1.157400000000e-08
1.157400000000e-08
1.157400000000e-08
1.157400000000e-08
1.157400000000e-08
1.157400000000e-08
1.157400000000e-08
1.157400000000e-08
1.157400000000e-08
1.157400000000e-08
1.157400000000e-08
1.157400000000e-08
1.157400000000e-08
1.157400000000e-08
1.157400000000e-08
1.157400000000e-08
1.157400000000e-08
1.157400000000e-08
1.157400000000e-08
1.157400000000e-08
1.157400000000e-08
1.157400000000e-08
1.157400000000e-08
1.157400000000e-08
1.157400000000e-08
1.157400000000e-08
1.157400000000e-08
1.157400000000e-08
1.157400000000e-08
1.157400000000e-08
1.157400000000e-08
1.157400000000e-08
1.157400000000e-08
1.157400000000e-08
1.157400000000e-08
1.157400000000e-08
1.157400000000e-08
1.157400000000e-08
1.157400000000e-08
1.157400000000e-08
1.157400000000e-08
1.157400000000e-08
1.157400000000e-08
1.157400000000e-08
1.157400000000e-08
1.157400000000e-09
1.157400000000e-09
1.157400000000e-09
1.157400000000e-09
1.157400000000e-09
1.157400000000e-09
1.157400000000e-09
1.157400000000e-09
1.157400000000e-09
1.157400000000e-09
1.157400000000e-09
1.157400000000e-09
1.157400000000e-09
1.157400000000e-09
1.157400000000e-09
1.157400000000e-09
1.157400000000e-09
1.157400000000e-09
1.157400000000e-09
1.157400000000e-09
1.157400000000e-09
1.157400000000e-09
1.157400000000e-09
1.157400000000e-09
1.157400000000e-09
1.157400000000e-09
1.157400000000e-09
1.157400000000e-09
1.157400000000e-09
1.157400000000e-09
1.157400000000e-09
1.157400000000e-09
1.157400000000e-09
1.157400000000e-09
1.157400000000e-09
1.157400000000e-09
1.157400000000e-09
1.157400000000e-09
1.157400000000e-09
1.157400000000e-09
1.157400000000e-09
1.157400000000e-09
1.157400000000e-09
1.157400000000e-09
1.157400000000e-09
1.157400000000e-09
1.157400000000e-09
1.157400000000e-09
1.157400000000e-09
1.157400000000e-09
1.157400000000e-09
